B	1331						
0.00 	0.00 	0.00 	0.614450262	0.293095877	0.385347905	1	0.5
0.00 	0.00 	1.50 	0.091479608	0.683440629	0.974326978	1	0.5
0.00 	0.00 	3.00 	0.298252093	0.063127826	0.290710147	1	0.5
0.00 	0.00 	4.50 	0.233321964	0.836288101	0.791124125	1	0.5
0.00 	0.00 	6.00 	0.768545936	0.456192545	0.05196028	1	0.5
0.00 	0.00 	7.50 	0.992870028	0.728145692	0.006612146	1	0.5
0.00 	0.00 	9.00 	0.146667305	0.662678273	0.066333957	1	0.5
0.00 	0.00 	10.50 	0.618729207	0.399256912	0.57091019	1	0.5
0.00 	0.00 	12.00 	0.700542333	0.097362153	0.755235734	1	0.5
0.00 	0.00 	13.50 	0.494208694	0.086728613	0.620207239	1	0.5
0.00 	0.00 	15.00 	0.937624651	0.14962105	0.870372316	1	0.5
0.00 	1.50 	0.00 	0.243459597	0.454503497	0.225506313	1	0.5
0.00 	1.50 	1.50 	0.220228194	0.114888355	0.654089112	1	0.5
0.00 	1.50 	3.00 	0.062488965	0.882474075	0.723845097	1	0.5
0.00 	1.50 	4.50 	0.722752813	0.344886689	0.120403141	1	0.5
0.00 	1.50 	6.00 	0.034846027	0.48812986	0.300886304	1	0.5
0.00 	1.50 	7.50 	0.878012169	0.27485072	0.312477649	1	0.5
0.00 	1.50 	9.00 	0.529514648	0.49940282	0.809978783	1	0.5
0.00 	1.50 	10.50 	0.628146932	0.235205438	0.220514564	1	0.5
0.00 	1.50 	12.00 	0.991342176	0.244453422	0.498462566	1	0.5
0.00 	1.50 	13.50 	0.670606443	0.286810806	0.849284342	1	0.5
0.00 	1.50 	15.00 	0.289989523	0.652067101	0.411320076	1	0.5
0.00 	3.00 	0.00 	0.236339759	0.573343715	0.499624908	1	0.5
0.00 	3.00 	1.50 	0.704863235	0.362137918	0.727802902	1	0.5
0.00 	3.00 	3.00 	0.218723006	0.273911575	0.096000102	1	0.5
0.00 	3.00 	4.50 	0.677766322	0.033411951	0.890245316	1	0.5
0.00 	3.00 	6.00 	0.73547529	0.18250573	0.855203561	1	0.5
0.00 	3.00 	7.50 	0.583808459	0.149931494	0.742489909	1	0.5
0.00 	3.00 	9.00 	0.769348298	0.812645993	0.01625774	1	0.5
0.00 	3.00 	10.50 	0.973419577	0.845005089	0.060481949	1	0.5
0.00 	3.00 	12.00 	0.410352836	0.875804913	0.621559169	1	0.5
0.00 	3.00 	13.50 	0.905732177	0.184995723	0.986081107	1	0.5
0.00 	3.00 	15.00 	0.532783454	0.765782251	0.744470191	1	0.5
0.00 	4.50 	0.00 	0.137545122	0.996636883	0.65130876	1	0.5
0.00 	4.50 	1.50 	0.595060807	0.85381273	0.162985837	1	0.5
0.00 	4.50 	3.00 	0.167438664	0.264435834	0.209819498	1	0.5
0.00 	4.50 	4.50 	0.638178864	0.727202175	0.382606606	1	0.5
0.00 	4.50 	6.00 	0.778748205	0.059412869	0.256575239	1	0.5
0.00 	4.50 	7.50 	0.868686874	0.501894633	0.488939553	1	0.5
0.00 	4.50 	9.00 	0.913006265	0.162889344	0.48239359	1	0.5
0.00 	4.50 	10.50 	0.840166216	0.207737708	0.968237187	1	0.5
0.00 	4.50 	12.00 	0.417207727	0.923160036	0.408208379	1	0.5
0.00 	4.50 	13.50 	0.207995391	0.174694051	0.875178125	1	0.5
0.00 	4.50 	15.00 	0.730946242	0.329307767	0.010602224	1	0.5
0.00 	6.00 	0.00 	0.134090279	0.534228592	0.048787746	1	0.5
0.00 	6.00 	1.50 	0.64113479	0.369930326	0.994821624	1	0.5
0.00 	6.00 	3.00 	0.5567109	0.437494706	0.671177203	1	0.5
0.00 	6.00 	4.50 	0.455507106	0.465068882	0.016098735	1	0.5
0.00 	6.00 	6.00 	0.328275534	0.751828153	0.47656799	1	0.5
0.00 	6.00 	7.50 	0.469734966	0.251864422	0.060947728	1	0.5
0.00 	6.00 	9.00 	0.910735685	0.75849124	0.582694489	1	0.5
0.00 	6.00 	10.50 	0.347090471	0.501512092	0.865398364	1	0.5
0.00 	6.00 	12.00 	0.533235589	0.765573457	0.608310863	1	0.5
0.00 	6.00 	13.50 	0.606444005	0.365320284	0.20191976	1	0.5
0.00 	6.00 	15.00 	0.743805435	0.935552992	0.781571375	1	0.5
0.00 	7.50 	0.00 	0.435244314	0.842017598	0.427767111	1	0.5
0.00 	7.50 	1.50 	0.067309103	0.115818273	0.774409526	1	0.5
0.00 	7.50 	3.00 	0.429493731	0.637367744	0.554481552	1	0.5
0.00 	7.50 	4.50 	0.210065331	0.670207259	0.234414712	1	0.5
0.00 	7.50 	6.00 	0.710766634	0.156399956	0.9577637	1	0.5
0.00 	7.50 	7.50 	0.771028449	0.421951877	0.217605643	1	0.5
0.00 	7.50 	9.00 	0.357610401	0.69923277	0.372433969	1	0.5
0.00 	7.50 	10.50 	0.049325989	0.800281839	0.674486239	1	0.5
0.00 	7.50 	12.00 	0.038496478	0.107663604	0.987101757	1	0.5
0.00 	7.50 	13.50 	0.016744311	0.028830483	0.881790458	1	0.5
0.00 	7.50 	15.00 	0.545797357	0.659427613	0.528800948	1	0.5
0.00 	9.00 	0.00 	0.02049349	0.573035811	0.758042073	1	0.5
0.00 	9.00 	1.50 	0.762201663	0.001471297	0.772894725	1	0.5
0.00 	9.00 	3.00 	0.20297233	0.929048245	0.558101989	1	0.5
0.00 	9.00 	4.50 	0.193114872	0.668300715	0.260326905	1	0.5
0.00 	9.00 	6.00 	0.057195656	0.656512756	0.442009439	1	0.5
0.00 	9.00 	7.50 	0.466732755	0.494763208	0.492433518	1	0.5
0.00 	9.00 	9.00 	0.848980413	0.209188834	0.302198015	1	0.5
0.00 	9.00 	10.50 	0.440434765	0.001521723	0.377529856	1	0.5
0.00 	9.00 	12.00 	0.903375045	0.548523827	0.122841643	1	0.5
0.00 	9.00 	13.50 	0.485775396	0.4306996	0.718773469	1	0.5
0.00 	9.00 	15.00 	0.159705597	0.686739368	0.481162128	1	0.5
0.00 	10.50 	0.00 	0.803111899	0.150126188	0.36832368	1	0.5
0.00 	10.50 	1.50 	0.695881491	0.27210877	0.153269936	1	0.5
0.00 	10.50 	3.00 	0.259794494	0.686579655	0.658059332	1	0.5
0.00 	10.50 	4.50 	0.734891107	0.753726546	0.434985494	1	0.5
0.00 	10.50 	6.00 	0.58789104	0.111314226	0.531949406	1	0.5
0.00 	10.50 	7.50 	0.883349459	0.575819619	0.666020092	1	0.5
0.00 	10.50 	9.00 	0.793354271	0.174621215	0.166546964	1	0.5
0.00 	10.50 	10.50 	0.672225894	0.269413927	0.671308896	1	0.5
0.00 	10.50 	12.00 	0.98612064	0.363957715	0.277946506	1	0.5
0.00 	10.50 	13.50 	0.154169001	0.812911335	0.022695425	1	0.5
0.00 	10.50 	15.00 	0.725598556	0.751694952	0.15807054	1	0.5
0.00 	12.00 	0.00 	0.444004776	0.850589891	0.274293926	1	0.5
0.00 	12.00 	1.50 	0.416492254	0.876848063	0.936209245	1	0.5
0.00 	12.00 	3.00 	0.944297988	0.425114294	0.646268464	1	0.5
0.00 	12.00 	4.50 	0.91874583	0.722487029	0.511853158	1	0.5
0.00 	12.00 	6.00 	0.075629602	0.857834043	0.114730223	1	0.5
0.00 	12.00 	7.50 	0.465618326	0.659157344	0.855934269	1	0.5
0.00 	12.00 	9.00 	0.144766859	0.540852572	0.442649947	1	0.5
0.00 	12.00 	10.50 	0.132088932	0.300507318	0.368446771	1	0.5
0.00 	12.00 	12.00 	0.893437623	0.444855336	0.785518108	1	0.5
0.00 	12.00 	13.50 	0.375172632	0.579697768	0.82527767	1	0.5
0.00 	12.00 	15.00 	0.063705306	0.204909962	0.871670148	1	0.5
0.00 	13.50 	0.00 	0.993347486	0.46701575	0.786574572	1	0.5
0.00 	13.50 	1.50 	0.668202289	0.470920544	0.603863803	1	0.5
0.00 	13.50 	3.00 	0.028518048	0.354882552	0.411644607	1	0.5
0.00 	13.50 	4.50 	0.254518883	0.283896063	0.160349987	1	0.5
0.00 	13.50 	6.00 	0.31740995	0.830610997	0.368791461	1	0.5
0.00 	13.50 	7.50 	0.219322705	0.818724938	0.194300077	1	0.5
0.00 	13.50 	9.00 	0.009881579	0.324695095	0.537720515	1	0.5
0.00 	13.50 	10.50 	0.676296216	0.23709983	0.271528663	1	0.5
0.00 	13.50 	12.00 	0.318921762	0.224144738	0.556709105	1	0.5
0.00 	13.50 	13.50 	0.819849231	0.522408427	0.275951982	1	0.5
0.00 	13.50 	15.00 	0.358601721	0.355623231	0.217226286	1	0.5
0.00 	15.00 	0.00 	0.377106372	0.825227329	0.324483715	1	0.5
0.00 	15.00 	1.50 	0.10335282	0.494958167	0.960504043	1	0.5
0.00 	15.00 	3.00 	0.255474123	0.839317142	0.585337603	1	0.5
0.00 	15.00 	4.50 	0.535583982	0.968258249	0.513804503	1	0.5
0.00 	15.00 	6.00 	0.23680872	0.285196316	0.276520791	1	0.5
0.00 	15.00 	7.50 	0.521733234	0.455051915	0.29085352	1	0.5
0.00 	15.00 	9.00 	0.856418606	0.145675963	0.386417541	1	0.5
0.00 	15.00 	10.50 	0.076349153	0.637758754	0.011815048	1	0.5
0.00 	15.00 	12.00 	0.884483085	0.238141622	0.968902126	1	0.5
0.00 	15.00 	13.50 	0.23601315	0.076349159	0.998976324	1	0.5
0.00 	15.00 	15.00 	0.024349921	0.160074855	0.319732075	1	0.5
1.50 	0.00 	0.00 	0.250443022	0.076153449	0.976810002	1	0.5
1.50 	0.00 	1.50 	0.048151074	0.426305896	0.696048373	1	0.5
1.50 	0.00 	3.00 	0.220714425	0.783457719	0.4246636	1	0.5
1.50 	0.00 	4.50 	0.51982958	0.244620375	0.291165219	1	0.5
1.50 	0.00 	6.00 	0.737154025	0.731956032	0.590849038	1	0.5
1.50 	0.00 	7.50 	0.485950085	0.928694274	0.315989932	1	0.5
1.50 	0.00 	9.00 	0.9016976	0.647920971	0.836740994	1	0.5
1.50 	0.00 	10.50 	0.308889271	0.136305896	0.275163474	1	0.5
1.50 	0.00 	12.00 	0.705159868	0.931820681	0.437713578	1	0.5
1.50 	0.00 	13.50 	0.637260827	0.490513064	0.996286225	1	0.5
1.50 	0.00 	15.00 	0.603134218	0.607874981	0.187418751	1	0.5
1.50 	1.50 	0.00 	0.073467473	0.48058315	0.144196655	1	0.5
1.50 	1.50 	1.50 	0.877112642	0.20725146	0.013380564	1	0.5
1.50 	1.50 	3.00 	0.377017938	0.181847341	0.207817438	1	0.5
1.50 	1.50 	4.50 	0.362305537	0.639591197	0.789742057	1	0.5
1.50 	1.50 	6.00 	0.558848367	0.352864575	0.706586334	1	0.5
1.50 	1.50 	7.50 	0.057820459	0.819681696	0.005269511	1	0.5
1.50 	1.50 	9.00 	0.121026695	0.918093133	0.802885231	1	0.5
1.50 	1.50 	10.50 	0.10513482	0.188212624	0.303584089	1	0.5
1.50 	1.50 	12.00 	0.486522648	0.062019148	0.963731438	1	0.5
1.50 	1.50 	13.50 	0.589817326	0.5379385	0.185134901	1	0.5
1.50 	1.50 	15.00 	0.914244417	0.432366325	0.905008953	1	0.5
1.50 	3.00 	0.00 	0.901368438	0.11156173	0.067436529	1	0.5
1.50 	3.00 	1.50 	0.256411819	0.373125208	0.406613732	1	0.5
1.50 	3.00 	3.00 	0.216135027	0.698024554	0.633718141	1	0.5
1.50 	3.00 	4.50 	0.631827572	0.464783193	0.582363255	1	0.5
1.50 	3.00 	6.00 	0.313388525	0.021410466	0.77202927	1	0.5
1.50 	3.00 	7.50 	0.426992902	0.65197794	0.801818933	1	0.5
1.50 	3.00 	9.00 	0.418996249	0.307151378	0.281490802	1	0.5
1.50 	3.00 	10.50 	0.603888596	0.588779524	0.345954688	1	0.5
1.50 	3.00 	12.00 	0.645887855	0.074908207	0.892171305	1	0.5
1.50 	3.00 	13.50 	0.287145971	0.571955589	0.655211233	1	0.5
1.50 	3.00 	15.00 	0.063780468	0.241083687	0.467824724	1	0.5
1.50 	4.50 	0.00 	0.885352272	0.658841317	0.797122069	1	0.5
1.50 	4.50 	1.50 	0.708279805	0.793437091	0.66496148	1	0.5
1.50 	4.50 	3.00 	0.790935375	0.967198825	0.142955584	1	0.5
1.50 	4.50 	4.50 	0.645990428	0.737234063	0.640863788	1	0.5
1.50 	4.50 	6.00 	0.750233962	0.390241055	0.045851269	1	0.5
1.50 	4.50 	7.50 	0.823183658	0.106248621	0.707016219	1	0.5
1.50 	4.50 	9.00 	0.338709939	0.728311657	0.089724123	1	0.5
1.50 	4.50 	10.50 	0.278083711	0.934844472	0.152488164	1	0.5
1.50 	4.50 	12.00 	0.552845149	0.346471547	0.035081668	1	0.5
1.50 	4.50 	13.50 	0.206657853	0.63988442	0.340783808	1	0.5
1.50 	4.50 	15.00 	0.284251908	0.069805071	0.278606254	1	0.5
1.50 	6.00 	0.00 	0.300115286	0.142910761	0.075925327	1	0.5
1.50 	6.00 	1.50 	0.046117338	0.875487299	0.077834935	1	0.5
1.50 	6.00 	3.00 	0.003432074	0.763510737	0.313885796	1	0.5
1.50 	6.00 	4.50 	0.231828633	0.544394534	0.256135654	1	0.5
1.50 	6.00 	6.00 	0.187890699	0.058203931	0.963446503	1	0.5
1.50 	6.00 	7.50 	0.757262625	0.368950137	0.077664971	1	0.5
1.50 	6.00 	9.00 	0.720777924	0.112219693	0.797346933	1	0.5
1.50 	6.00 	10.50 	0.270709676	0.0965242	0.600956316	1	0.5
1.50 	6.00 	12.00 	0.399293766	0.412084026	0.994905948	1	0.5
1.50 	6.00 	13.50 	0.38748157	0.377313505	0.646415245	1	0.5
1.50 	6.00 	15.00 	0.640489979	0.282721987	0.089068919	1	0.5
1.50 	7.50 	0.00 	0.228942354	0.627414291	0.420756672	1	0.5
1.50 	7.50 	1.50 	0.056227462	0.207120709	0.606444135	1	0.5
1.50 	7.50 	3.00 	0.341402764	0.839931692	0.497021012	1	0.5
1.50 	7.50 	4.50 	0.922596041	0.093385786	0.62247699	1	0.5
1.50 	7.50 	6.00 	0.780312043	0.13358053	0.64380723	1	0.5
1.50 	7.50 	7.50 	0.188373846	0.25703261	0.971222896	1	0.5
1.50 	7.50 	9.00 	0.90079969	0.610577313	0.1221423	1	0.5
1.50 	7.50 	10.50 	0.066818335	0.150970605	0.008301387	1	0.5
1.50 	7.50 	12.00 	0.16569793	0.845264615	0.377287848	1	0.5
1.50 	7.50 	13.50 	0.307622751	0.327609395	0.333211152	1	0.5
1.50 	7.50 	15.00 	0.434772066	0.133046342	0.731098557	1	0.5
1.50 	9.00 	0.00 	0.026883423	0.951959754	0.146597506	1	0.5
1.50 	9.00 	1.50 	0.102666181	0.925333943	0.371461001	1	0.5
1.50 	9.00 	3.00 	0.920109671	0.776909702	0.126736362	1	0.5
1.50 	9.00 	4.50 	0.743286364	0.808743088	0.692459166	1	0.5
1.50 	9.00 	6.00 	0.558485034	0.571751905	0.498395859	1	0.5
1.50 	9.00 	7.50 	0.277281363	0.340332759	0.660253301	1	0.5
1.50 	9.00 	9.00 	0.671872349	0.025491456	0.349955922	1	0.5
1.50 	9.00 	10.50 	0.932349869	0.434218714	0.764273029	1	0.5
1.50 	9.00 	12.00 	0.462857238	0.415603112	0.73192024	1	0.5
1.50 	9.00 	13.50 	0.806717471	0.556978674	0.337306818	1	0.5
1.50 	9.00 	15.00 	0.371138544	0.254437479	0.706505373	1	0.5
1.50 	10.50 	0.00 	0.361528667	0.484108192	0.707430762	1	0.5
1.50 	10.50 	1.50 	0.496390497	0.252146366	0.587816776	1	0.5
1.50 	10.50 	3.00 	0.872065925	0.659203818	0.590588949	1	0.5
1.50 	10.50 	4.50 	0.055146921	0.538861704	0.080595592	1	0.5
1.50 	10.50 	6.00 	0.410741366	0.983122196	0.501637013	1	0.5
1.50 	10.50 	7.50 	0.426031357	0.782035151	0.903098205	1	0.5
1.50 	10.50 	9.00 	0.010438288	0.619535051	0.625069917	1	0.5
1.50 	10.50 	10.50 	0.998916173	0.081350923	0.899940019	1	0.5
1.50 	10.50 	12.00 	0.61915483	0.369294485	0.206122736	1	0.5
1.50 	10.50 	13.50 	0.85545748	0.386176665	0.300585043	1	0.5
1.50 	10.50 	15.00 	0.779413266	0.769459871	0.532469293	1	0.5
1.50 	12.00 	0.00 	0.506051463	0.596854978	0.215893157	1	0.5
1.50 	12.00 	1.50 	0.803564607	0.93969237	0.659969678	1	0.5
1.50 	12.00 	3.00 	0.490477567	0.9114828	0.413240358	1	0.5
1.50 	12.00 	4.50 	0.631106081	0.664925047	0.608019362	1	0.5
1.50 	12.00 	6.00 	0.863852221	0.883366559	0.975329261	1	0.5
1.50 	12.00 	7.50 	0.489919205	0.789689512	0.56923397	1	0.5
1.50 	12.00 	9.00 	0.524875021	0.306089892	0.683293999	1	0.5
1.50 	12.00 	10.50 	0.623559569	0.125617	0.477527095	1	0.5
1.50 	12.00 	12.00 	0.494645482	0.204742396	0.896389383	1	0.5
1.50 	12.00 	13.50 	0.905859355	0.127704427	0.441541888	1	0.5
1.50 	12.00 	15.00 	0.898403384	0.564996806	0.300459052	1	0.5
1.50 	13.50 	0.00 	0.665740492	0.79936245	0.33816524	1	0.5
1.50 	13.50 	1.50 	0.098564062	0.698856454	0.639804068	1	0.5
1.50 	13.50 	3.00 	0.224597062	0.818725217	0.906810996	1	0.5
1.50 	13.50 	4.50 	0.674626473	0.493044469	0.33538175	1	0.5
1.50 	13.50 	6.00 	0.804819649	0.84663029	0.814606365	1	0.5
1.50 	13.50 	7.50 	0.132095889	0.396344335	0.008676359	1	0.5
1.50 	13.50 	9.00 	0.209477211	0.311771755	0.192328315	1	0.5
1.50 	13.50 	10.50 	0.455153079	0.772510915	0.277429412	1	0.5
1.50 	13.50 	12.00 	0.172775622	0.810634584	0.528804117	1	0.5
1.50 	13.50 	13.50 	0.30946994	0.463415984	0.871383049	1	0.5
1.50 	13.50 	15.00 	0.080721503	0.884482779	0.243409135	1	0.5
1.50 	15.00 	0.00 	0.551732877	0.148663854	0.902741228	1	0.5
1.50 	15.00 	1.50 	0.537709351	0.04667613	0.308845381	1	0.5
1.50 	15.00 	3.00 	0.929525754	0.029380469	0.30385674	1	0.5
1.50 	15.00 	4.50 	0.941692285	0.502866189	0.842420089	1	0.5
1.50 	15.00 	6.00 	0.107279576	0.495337141	0.375330213	1	0.5
1.50 	15.00 	7.50 	0.362525693	0.870444781	0.239158765	1	0.5
1.50 	15.00 	9.00 	0.85717572	0.892017731	0.485490334	1	0.5
1.50 	15.00 	10.50 	0.018128146	0.989444516	0.387759857	1	0.5
1.50 	15.00 	12.00 	0.876067623	0.564452769	0.132736355	1	0.5
1.50 	15.00 	13.50 	0.135125924	0.257232144	0.478125959	1	0.5
1.50 	15.00 	15.00 	0.290126751	0.546359449	0.86462104	1	0.5
3.00 	0.00 	0.00 	0.405966614	0.243322819	0.943547891	1	0.5
3.00 	0.00 	1.50 	0.325283651	0.726432369	0.430884463	1	0.5
3.00 	0.00 	3.00 	0.039195394	0.415677968	0.708966847	1	0.5
3.00 	0.00 	4.50 	0.125290606	0.4252955	0.4233656	1	0.5
3.00 	0.00 	6.00 	0.019351262	0.392814413	0.375691794	1	0.5
3.00 	0.00 	7.50 	0.060382395	0.531420201	0.171981127	1	0.5
3.00 	0.00 	9.00 	0.282286457	0.576664993	0.635580312	1	0.5
3.00 	0.00 	10.50 	0.372069228	0.448495079	0.597541378	1	0.5
3.00 	0.00 	12.00 	0.868939172	0.294629057	0.313230043	1	0.5
3.00 	0.00 	13.50 	0.176999494	0.358776482	0.907420174	1	0.5
3.00 	0.00 	15.00 	0.115176819	0.088859922	0.009679526	1	0.5
3.00 	1.50 	0.00 	0.4529571	0.778794933	0.126325941	1	0.5
3.00 	1.50 	1.50 	0.325389732	0.241011584	0.127485527	1	0.5
3.00 	1.50 	3.00 	0.484880091	0.843879823	0.02748469	1	0.5
3.00 	1.50 	4.50 	0.245502959	0.117616751	0.166420881	1	0.5
3.00 	1.50 	6.00 	0.671892623	0.747760592	0.881544051	1	0.5
3.00 	1.50 	7.50 	0.72077928	0.360376828	0.044368889	1	0.5
3.00 	1.50 	9.00 	0.587979801	0.937668592	0.602961696	1	0.5
3.00 	1.50 	10.50 	0.952922169	0.626346973	0.766851768	1	0.5
3.00 	1.50 	12.00 	0.902618172	0.753820487	0.933174743	1	0.5
3.00 	1.50 	13.50 	0.937613627	0.198323228	0.515805648	1	0.5
3.00 	1.50 	15.00 	0.981651621	0.518219689	0.272976919	1	0.5
3.00 	3.00 	0.00 	0.594218018	0.255185938	0.10810045	1	0.5
3.00 	3.00 	1.50 	0.491956488	0.935977589	0.397873877	1	0.5
3.00 	3.00 	3.00 	0.149935764	0.004039212	0.459959536	1	0.5
3.00 	3.00 	4.50 	0.825296998	0.822226183	0.35206453	1	0.5
3.00 	3.00 	6.00 	0.132389761	0.307868471	0.704633278	1	0.5
3.00 	3.00 	7.50 	0.200734071	0.696066428	0.82612098	1	0.5
3.00 	3.00 	9.00 	0.409934887	0.518748716	0.392456537	1	0.5
3.00 	3.00 	10.50 	0.622976343	0.134311893	0.250728862	1	0.5
3.00 	3.00 	12.00 	0.889534076	0.340967533	0.167486083	1	0.5
3.00 	3.00 	13.50 	0.960620146	0.327672942	0.391042878	1	0.5
3.00 	3.00 	15.00 	0.99403214	0.255348396	0.658351979	1	0.5
3.00 	4.50 	0.00 	0.931458257	0.497166559	0.939005923	1	0.5
3.00 	4.50 	1.50 	0.683299815	0.862743211	0.470481377	1	0.5
3.00 	4.50 	3.00 	0.473534464	0.47808576	0.052561023	1	0.5
3.00 	4.50 	4.50 	0.860736812	0.159581004	0.035122567	1	0.5
3.00 	4.50 	6.00 	0.891221409	0.111182755	0.212780923	1	0.5
3.00 	4.50 	7.50 	0.788731972	0.872430208	0.36226624	1	0.5
3.00 	4.50 	9.00 	0.351154583	0.922138419	0.339088246	1	0.5
3.00 	4.50 	10.50 	0.871822771	0.503231004	0.06779817	1	0.5
3.00 	4.50 	12.00 	0.30597713	0.335061896	0.958004258	1	0.5
3.00 	4.50 	13.50 	0.329103175	0.172981069	0.167578363	1	0.5
3.00 	4.50 	15.00 	0.595794987	0.420387676	0.955461052	1	0.5
3.00 	6.00 	0.00 	0.590743842	0.894006161	0.599014834	1	0.5
3.00 	6.00 	1.50 	0.075753342	0.154905269	0.563951829	1	0.5
3.00 	6.00 	3.00 	0.713295205	0.253835273	0.769586885	1	0.5
3.00 	6.00 	4.50 	0.04367937	0.076469151	0.473726845	1	0.5
3.00 	6.00 	6.00 	0.367582491	0.003394766	0.154469465	1	0.5
3.00 	6.00 	7.50 	0.428366372	0.694730565	0.946476822	1	0.5
3.00 	6.00 	9.00 	0.849578266	0.730151515	0.050388047	1	0.5
3.00 	6.00 	10.50 	0.847592861	0.635579253	0.762485681	1	0.5
3.00 	6.00 	12.00 	0.362153476	0.286223102	0.892414442	1	0.5
3.00 	6.00 	13.50 	0.353196814	0.809766264	0.825926294	1	0.5
3.00 	6.00 	15.00 	0.538188979	0.830657649	0.477595345	1	0.5
3.00 	7.50 	0.00 	0.705987078	0.590728844	0.316327548	1	0.5
3.00 	7.50 	1.50 	0.014649808	0.400325771	0.246828867	1	0.5
3.00 	7.50 	3.00 	0.508991757	0.844454633	0.154403261	1	0.5
3.00 	7.50 	4.50 	0.744131814	0.110689883	0.978330895	1	0.5
3.00 	7.50 	6.00 	0.689653047	0.33722294	0.191209513	1	0.5
3.00 	7.50 	7.50 	0.271863611	0.375448842	0.960787158	1	0.5
3.00 	7.50 	9.00 	0.653719093	0.351063224	0.730976686	1	0.5
3.00 	7.50 	10.50 	0.743227533	0.759391993	0.242678198	1	0.5
3.00 	7.50 	12.00 	0.976621907	0.917534429	0.280688223	1	0.5
3.00 	7.50 	13.50 	0.942813593	0.729709925	0.264161447	1	0.5
3.00 	7.50 	15.00 	0.884221096	0.355767095	0.235598175	1	0.5
3.00 	9.00 	0.00 	0.582425925	0.055741687	0.680953167	1	0.5
3.00 	9.00 	1.50 	0.342537958	0.364126936	0.216625384	1	0.5
3.00 	9.00 	3.00 	0.24916327	0.184815375	0.436211327	1	0.5
3.00 	9.00 	4.50 	0.023748515	0.482699618	0.03596155	1	0.5
3.00 	9.00 	6.00 	0.206915671	0.151589125	0.847825751	1	0.5
3.00 	9.00 	7.50 	0.007806828	0.459834492	0.180010405	1	0.5
3.00 	9.00 	9.00 	0.319854213	0.771449007	0.295397139	1	0.5
3.00 	9.00 	10.50 	0.097750315	0.257441824	0.592251984	1	0.5
3.00 	9.00 	12.00 	0.412183263	0.410701591	0.500662899	1	0.5
3.00 	9.00 	13.50 	0.179807968	0.808687067	0.638579528	1	0.5
3.00 	9.00 	15.00 	0.898377127	0.256567258	0.381287355	1	0.5
3.00 	10.50 	0.00 	0.02519244	0.328562318	0.028866442	1	0.5
3.00 	10.50 	1.50 	0.529231071	0.011032156	0.462419581	1	0.5
3.00 	10.50 	3.00 	0.760082264	0.459458808	0.119525667	1	0.5
3.00 	10.50 	4.50 	0.815526739	0.921607662	0.10072423	1	0.5
3.00 	10.50 	6.00 	0.310477753	0.625368322	0.719909586	1	0.5
3.00 	10.50 	7.50 	0.925348974	0.916150673	0.083172879	1	0.5
3.00 	10.50 	9.00 	0.454389899	0.296274776	0.843281825	1	0.5
3.00 	10.50 	10.50 	0.474464338	0.067997615	0.535022483	1	0.5
3.00 	10.50 	12.00 	0.473615158	0.332086374	0.859955901	1	0.5
3.00 	10.50 	13.50 	0.142079804	0.423552867	0.363328345	1	0.5
3.00 	10.50 	15.00 	0.542564337	0.78454346	0.135874716	1	0.5
3.00 	12.00 	0.00 	0.846711156	0.363976319	0.340863263	1	0.5
3.00 	12.00 	1.50 	0.246998656	0.913870721	0.31564274	1	0.5
3.00 	12.00 	3.00 	0.49065006	0.361605266	0.609690234	1	0.5
3.00 	12.00 	4.50 	0.468860415	0.333811668	0.668551996	1	0.5
3.00 	12.00 	6.00 	0.28972848	0.143527822	0.377227047	1	0.5
3.00 	12.00 	7.50 	0.212840008	0.145362676	0.551360122	1	0.5
3.00 	12.00 	9.00 	0.96882926	0.310654854	0.441652071	1	0.5
3.00 	12.00 	10.50 	0.354263067	0.338683042	0.294771263	1	0.5
3.00 	12.00 	12.00 	0.450163706	0.409988269	0.774603098	1	0.5
3.00 	12.00 	13.50 	0.750121593	0.533764201	0.473551914	1	0.5
3.00 	12.00 	15.00 	0.001130374	0.418809146	0.808847028	1	0.5
3.00 	13.50 	0.00 	0.375036899	0.2797562	0.902082486	1	0.5
3.00 	13.50 	1.50 	0.095051679	0.79883122	0.612226072	1	0.5
3.00 	13.50 	3.00 	0.350054122	0.405108906	0.034553033	1	0.5
3.00 	13.50 	4.50 	0.210939892	0.931919966	0.039683606	1	0.5
3.00 	13.50 	6.00 	0.655982399	0.494517813	0.237056065	1	0.5
3.00 	13.50 	7.50 	0.336433658	0.137393701	0.58040852	1	0.5
3.00 	13.50 	9.00 	0.875605775	0.987843585	0.067037665	1	0.5
3.00 	13.50 	10.50 	0.34039365	0.677585305	0.067957179	1	0.5
3.00 	13.50 	12.00 	0.876621991	0.583061001	0.907400701	1	0.5
3.00 	13.50 	13.50 	0.932883013	0.538659308	0.322839247	1	0.5
3.00 	13.50 	15.00 	0.102603301	0.246073763	0.134010168	1	0.5
3.00 	15.00 	0.00 	0.401383626	0.197805541	0.648279883	1	0.5
3.00 	15.00 	1.50 	0.238478257	0.779488592	0.523364667	1	0.5
3.00 	15.00 	3.00 	0.478963661	0.342635528	0.755636168	1	0.5
3.00 	15.00 	4.50 	0.626224151	0.028126851	0.330559099	1	0.5
3.00 	15.00 	6.00 	0.059425928	0.604111607	0.905290206	1	0.5
3.00 	15.00 	7.50 	0.876962517	0.266688092	0.5163119	1	0.5
3.00 	15.00 	9.00 	0.211647223	0.655076571	0.349077024	1	0.5
3.00 	15.00 	10.50 	0.347768003	0.115954974	0.933655916	1	0.5
3.00 	15.00 	12.00 	0.08479827	0.912497776	0.136576842	1	0.5
3.00 	15.00 	13.50 	0.246045177	0.36723642	0.130769438	1	0.5
3.00 	15.00 	15.00 	0.89817997	0.049714478	0.25326339	1	0.5
4.50 	0.00 	0.00 	0.286635057	0.532343561	0.743333609	1	0.5
4.50 	0.00 	1.50 	0.915923966	0.663895294	0.34756853	1	0.5
4.50 	0.00 	3.00 	0.731916946	0.954989301	0.519527277	1	0.5
4.50 	0.00 	4.50 	0.677046778	0.88330226	0.430323102	1	0.5
4.50 	0.00 	6.00 	0.005727413	0.169728467	0.321501553	1	0.5
4.50 	0.00 	7.50 	0.291113698	0.381242898	0.154399363	1	0.5
4.50 	0.00 	9.00 	0.472881464	0.277913201	0.254629011	1	0.5
4.50 	0.00 	10.50 	0.226575584	0.119451258	0.375990368	1	0.5
4.50 	0.00 	12.00 	0.577494397	0.6604441	0.336129654	1	0.5
4.50 	0.00 	13.50 	0.610695495	0.212053343	0.898106572	1	0.5
4.50 	0.00 	15.00 	0.025245282	0.459343341	0.329382868	1	0.5
4.50 	1.50 	0.00 	0.2559068	0.80905894	0.712557605	1	0.5
4.50 	1.50 	1.50 	0.473520748	0.767402746	0.423695094	1	0.5
4.50 	1.50 	3.00 	0.205381064	0.5848464	0.422766284	1	0.5
4.50 	1.50 	4.50 	0.340442386	0.122707359	0.338055691	1	0.5
4.50 	1.50 	6.00 	0.003981509	0.642983035	0.640662654	1	0.5
4.50 	1.50 	7.50 	0.787957536	0.436517192	0.46273644	1	0.5
4.50 	1.50 	9.00 	0.505857924	0.46281581	0.343223259	1	0.5
4.50 	1.50 	10.50 	0.905722528	0.670621229	0.886052495	1	0.5
4.50 	1.50 	12.00 	0.829002356	0.153059133	0.05020515	1	0.5
4.50 	1.50 	13.50 	0.986671897	0.397890603	0.792010816	1	0.5
4.50 	1.50 	15.00 	0.181356432	0.732714691	0.4183635	1	0.5
4.50 	3.00 	0.00 	0.170733707	0.548480538	0.765681159	1	0.5
4.50 	3.00 	1.50 	0.353930942	0.566578648	0.652904358	1	0.5
4.50 	3.00 	3.00 	0.541313934	0.789540096	0.073383316	1	0.5
4.50 	3.00 	4.50 	0.458112214	0.139463596	0.020906913	1	0.5
4.50 	3.00 	6.00 	0.988848886	0.468085601	0.988905643	1	0.5
4.50 	3.00 	7.50 	0.838121728	0.312132612	0.730947442	1	0.5
4.50 	3.00 	9.00 	0.286420669	0.446032313	0.13027425	1	0.5
4.50 	3.00 	10.50 	0.51360559	0.078842477	0.059652001	1	0.5
4.50 	3.00 	12.00 	0.489499448	0.627147976	0.615280406	1	0.5
4.50 	3.00 	13.50 	0.51953215	0.590185697	0.76465751	1	0.5
4.50 	3.00 	15.00 	0.307718182	0.514780961	0.890800196	1	0.5
4.50 	4.50 	0.00 	0.074954286	0.907528568	0.379059349	1	0.5
4.50 	4.50 	1.50 	0.024646719	0.729223056	0.23346534	1	0.5
4.50 	4.50 	3.00 	0.517800584	0.489419866	0.576232702	1	0.5
4.50 	4.50 	4.50 	0.12478962	0.758262124	0.309169789	1	0.5
4.50 	4.50 	6.00 	0.962143765	0.508981361	0.158750333	1	0.5
4.50 	4.50 	7.50 	0.601149066	0.38486796	0.985496855	1	0.5
4.50 	4.50 	9.00 	0.90225856	0.214352573	0.31924008	1	0.5
4.50 	4.50 	10.50 	0.111898141	0.057339372	0.595666727	1	0.5
4.50 	4.50 	12.00 	0.679382802	0.373293702	0.781188991	1	0.5
4.50 	4.50 	13.50 	0.486663722	0.493103451	0.387537307	1	0.5
4.50 	4.50 	15.00 	0.034439405	0.336972391	0.183854258	1	0.5
4.50 	6.00 	0.00 	0.981518006	0.334661026	0.267129778	1	0.5
4.50 	6.00 	1.50 	0.99274279	0.895245762	0.455487557	1	0.5
4.50 	6.00 	3.00 	0.256445623	0.481483674	0.727747285	1	0.5
4.50 	6.00 	4.50 	0.312796402	0.773157467	0.872009087	1	0.5
4.50 	6.00 	6.00 	0.764623749	0.994655443	0.605166628	1	0.5
4.50 	6.00 	7.50 	0.844490509	0.473419213	0.447698472	1	0.5
4.50 	6.00 	9.00 	0.579268905	0.735588536	0.740683858	1	0.5
4.50 	6.00 	10.50 	0.56893456	0.559832275	0.577464003	1	0.5
4.50 	6.00 	12.00 	0.232445626	0.994274125	0.018293296	1	0.5
4.50 	6.00 	13.50 	0.675357584	0.540368719	0.153839512	1	0.5
4.50 	6.00 	15.00 	0.17821261	0.023383368	0.256493469	1	0.5
4.50 	7.50 	0.00 	0.772515091	0.25298462	0.683600696	1	0.5
4.50 	7.50 	1.50 	0.555424232	0.75896595	0.679946723	1	0.5
4.50 	7.50 	3.00 	0.239155794	0.589138103	0.075832517	1	0.5
4.50 	7.50 	4.50 	0.942607734	0.825312182	0.426425607	1	0.5
4.50 	7.50 	6.00 	0.682396699	0.784515116	0.407773294	1	0.5
4.50 	7.50 	7.50 	0.556063639	0.386800478	0.185271554	1	0.5
4.50 	7.50 	9.00 	0.949243372	0.187433026	0.18298654	1	0.5
4.50 	7.50 	10.50 	0.960835914	0.872144404	0.10232643	1	0.5
4.50 	7.50 	12.00 	0.970055065	0.200460424	0.646488204	1	0.5
4.50 	7.50 	13.50 	0.287851017	0.75196674	0.578336032	1	0.5
4.50 	7.50 	15.00 	0.907085252	0.145013005	0.480605888	1	0.5
4.50 	9.00 	0.00 	0.003993303	0.98939056	0.470254921	1	0.5
4.50 	9.00 	1.50 	0.023999998	0.770078803	0.011815082	1	0.5
4.50 	9.00 	3.00 	0.918669499	0.344449355	0.491603546	1	0.5
4.50 	9.00 	4.50 	0.292698387	0.833661591	0.047501158	1	0.5
4.50 	9.00 	6.00 	0.81078039	0.688877976	0.311004083	1	0.5
4.50 	9.00 	7.50 	0.321363351	0.437956263	0.002607822	1	0.5
4.50 	9.00 	9.00 	0.617439499	0.609450221	0.566957096	1	0.5
4.50 	9.00 	10.50 	0.040566324	0.100983931	0.789444483	1	0.5
4.50 	9.00 	12.00 	0.245302538	0.278310317	0.729049374	1	0.5
4.50 	9.00 	13.50 	0.250316299	0.871471715	0.467618956	1	0.5
4.50 	9.00 	15.00 	0.261030606	0.791952042	0.847705853	1	0.5
4.50 	10.50 	0.00 	0.229646383	0.199538503	0.800901814	1	0.5
4.50 	10.50 	1.50 	0.932757361	0.227949146	0.953184191	1	0.5
4.50 	10.50 	3.00 	0.003403253	0.035006107	0.911788467	1	0.5
4.50 	10.50 	4.50 	0.789397518	0.533749181	0.255476623	1	0.5
4.50 	10.50 	6.00 	0.801979372	0.147685265	0.912754416	1	0.5
4.50 	10.50 	7.50 	0.172845007	0.300244021	0.725292714	1	0.5
4.50 	10.50 	9.00 	0.620813656	0.286418468	0.296463686	1	0.5
4.50 	10.50 	10.50 	0.717239566	0.172879548	0.710809329	1	0.5
4.50 	10.50 	12.00 	0.258908883	0.6289313	0.902592953	1	0.5
4.50 	10.50 	13.50 	0.989767123	0.0473741	0.204400693	1	0.5
4.50 	10.50 	15.00 	0.505412047	0.34123144	0.58844105	1	0.5
4.50 	12.00 	0.00 	0.174938024	0.230964655	0.895634669	1	0.5
4.50 	12.00 	1.50 	0.045928903	0.535543671	0.21039502	1	0.5
4.50 	12.00 	3.00 	0.105128516	0.401465061	0.798603295	1	0.5
4.50 	12.00 	4.50 	0.499368751	0.733386809	0.465064161	1	0.5
4.50 	12.00 	6.00 	0.227195054	0.329206415	0.199156367	1	0.5
4.50 	12.00 	7.50 	0.55838845	0.645285642	0.707047505	1	0.5
4.50 	12.00 	9.00 	0.316493268	0.211273117	0.936412946	1	0.5
4.50 	12.00 	10.50 	0.857972762	0.598556723	0.146067473	1	0.5
4.50 	12.00 	12.00 	0.704516792	0.28031299	0.973334829	1	0.5
4.50 	12.00 	13.50 	0.097064551	0.834772054	0.654235525	1	0.5
4.50 	12.00 	15.00 	0.342713685	0.300526371	0.979506776	1	0.5
4.50 	13.50 	0.00 	0.916974312	0.11207163	0.123601183	1	0.5
4.50 	13.50 	1.50 	0.519014984	0.108495079	0.340082253	1	0.5
4.50 	13.50 	3.00 	0.64294728	0.670782404	0.699185025	1	0.5
4.50 	13.50 	4.50 	0.434919891	0.001703182	0.74581574	1	0.5
4.50 	13.50 	6.00 	0.471897853	0.041075523	0.410561817	1	0.5
4.50 	13.50 	7.50 	0.590327752	0.925630818	0.90853396	1	0.5
4.50 	13.50 	9.00 	0.462101872	0.742290459	0.353387841	1	0.5
4.50 	13.50 	10.50 	0.6466752	0.876204689	0.63600758	1	0.5
4.50 	13.50 	12.00 	0.346826905	0.38340986	0.060465051	1	0.5
4.50 	13.50 	13.50 	0.994006117	0.407755514	0.969600422	1	0.5
4.50 	13.50 	15.00 	0.542379512	0.349979154	0.535879708	1	0.5
4.50 	15.00 	0.00 	0.234894792	0.549969115	0.91904199	1	0.5
4.50 	15.00 	1.50 	0.594022648	0.867205469	0.669140747	1	0.5
4.50 	15.00 	3.00 	0.679816844	0.167115671	0.276941658	1	0.5
4.50 	15.00 	4.50 	0.46464765	0.293930817	0.637546836	1	0.5
4.50 	15.00 	6.00 	0.024711296	0.682442363	0.292626663	1	0.5
4.50 	15.00 	7.50 	0.471378883	0.525518701	0.968721688	1	0.5
4.50 	15.00 	9.00 	0.673412158	0.446783784	0.508989141	1	0.5
4.50 	15.00 	10.50 	0.065104842	0.18074224	0.019173693	1	0.5
4.50 	15.00 	12.00 	0.782979747	0.179183939	0.476800342	1	0.5
4.50 	15.00 	13.50 	0.636814081	0.267318714	0.617394924	1	0.5
4.50 	15.00 	15.00 	0.692016916	0.957662613	0.552395053	1	0.5
6.00 	0.00 	0.00 	0.980362454	0.755423215	0.536819334	1	0.5
6.00 	0.00 	1.50 	0.147543077	0.91856863	0.872975872	1	0.5
6.00 	0.00 	3.00 	0.35168135	0.130078711	0.984833931	1	0.5
6.00 	0.00 	4.50 	0.08919428	0.854640511	0.535293547	1	0.5
6.00 	0.00 	6.00 	0.050014599	0.026637616	0.081686788	1	0.5
6.00 	0.00 	7.50 	0.063454438	0.032358197	0.25250003	1	0.5
6.00 	0.00 	9.00 	0.617660781	0.396139456	0.569126196	1	0.5
6.00 	0.00 	10.50 	0.500876286	0.987435274	0.858150642	1	0.5
6.00 	0.00 	12.00 	0.386343744	0.150738734	0.340453296	1	0.5
6.00 	0.00 	13.50 	0.854871427	0.197172386	0.464757946	1	0.5
6.00 	0.00 	15.00 	0.917053065	0.449282319	0.399066621	1	0.5
6.00 	1.50 	0.00 	0.258753664	0.286543293	0.100853327	1	0.5
6.00 	1.50 	1.50 	0.321539583	0.645641213	0.108252702	1	0.5
6.00 	1.50 	3.00 	0.595522138	0.457929272	0.142822112	1	0.5
6.00 	1.50 	4.50 	0.328383439	0.348932382	0.818366694	1	0.5
6.00 	1.50 	6.00 	0.605687632	0.734962348	0.01790217	1	0.5
6.00 	1.50 	7.50 	0.821204454	0.68219103	0.134011089	1	0.5
6.00 	1.50 	9.00 	0.662338845	0.789330264	0.214894381	1	0.5
6.00 	1.50 	10.50 	0.086448656	0.091517343	0.45246649	1	0.5
6.00 	1.50 	12.00 	0.50706054	0.22891509	0.280350493	1	0.5
6.00 	1.50 	13.50 	0.598315335	0.97806764	0.709639165	1	0.5
6.00 	1.50 	15.00 	0.400587623	0.678210972	0.684632681	1	0.5
6.00 	3.00 	0.00 	0.269146258	0.217178624	0.747542681	1	0.5
6.00 	3.00 	1.50 	0.693851933	0.786733138	0.128545398	1	0.5
6.00 	3.00 	3.00 	0.087845853	0.930245012	0.83579958	1	0.5
6.00 	3.00 	4.50 	0.392506823	0.528482145	0.267949945	1	0.5
6.00 	3.00 	6.00 	0.593643566	0.591056272	0.178373888	1	0.5
6.00 	3.00 	7.50 	0.950186144	0.743816875	0.780280648	1	0.5
6.00 	3.00 	9.00 	0.137537654	0.049847332	0.20643429	1	0.5
6.00 	3.00 	10.50 	0.126175307	0.62784905	0.704793877	1	0.5
6.00 	3.00 	12.00 	0.864854091	0.972343653	0.489293419	1	0.5
6.00 	3.00 	13.50 	0.127183884	0.735665514	0.091128145	1	0.5
6.00 	3.00 	15.00 	0.143700009	0.600099892	0.72397163	1	0.5
6.00 	4.50 	0.00 	0.066066926	0.161651358	0.201724469	1	0.5
6.00 	4.50 	1.50 	0.310762797	0.390085701	0.983764018	1	0.5
6.00 	4.50 	3.00 	0.693117354	0.921346919	0.811910581	1	0.5
6.00 	4.50 	4.50 	0.021259222	0.184210892	0.051823916	1	0.5
6.00 	4.50 	6.00 	0.62006131	0.475027594	0.506712506	1	0.5
6.00 	4.50 	7.50 	0.968426424	0.085647245	0.34613081	1	0.5
6.00 	4.50 	9.00 	0.975892109	0.465770005	0.03808634	1	0.5
6.00 	4.50 	10.50 	0.203056181	0.02840357	0.143312244	1	0.5
6.00 	4.50 	12.00 	0.671023016	0.388542849	0.733998819	1	0.5
6.00 	4.50 	13.50 	0.286595935	0.914983966	0.686487952	1	0.5
6.00 	4.50 	15.00 	0.147558698	0.467591749	0.167005455	1	0.5
6.00 	6.00 	0.00 	0.626564812	0.009916357	0.007264071	1	0.5
6.00 	6.00 	1.50 	0.381543967	0.078144025	0.394094125	1	0.5
6.00 	6.00 	3.00 	0.624648809	0.30514805	0.192611788	1	0.5
6.00 	6.00 	4.50 	0.660996237	0.114940366	0.174624707	1	0.5
6.00 	6.00 	6.00 	0.969187057	0.522554346	0.44255055	1	0.5
6.00 	6.00 	7.50 	0.893920125	0.013749074	0.595141648	1	0.5
6.00 	6.00 	9.00 	0.109820545	0.240432178	0.636377459	1	0.5
6.00 	6.00 	10.50 	0.154525327	0.757717817	0.641017748	1	0.5
6.00 	6.00 	12.00 	0.342751351	0.808352157	0.482527012	1	0.5
6.00 	6.00 	13.50 	0.278062645	0.163846923	0.235878861	1	0.5
6.00 	6.00 	15.00 	0.321476951	0.31760606	0.66104965	1	0.5
6.00 	7.50 	0.00 	0.527628527	0.530442837	0.747761852	1	0.5
6.00 	7.50 	1.50 	0.025480847	0.731572097	0.001476434	1	0.5
6.00 	7.50 	3.00 	0.105519279	0.325596236	0.282439725	1	0.5
6.00 	7.50 	4.50 	0.11948506	0.572696441	0.053175372	1	0.5
6.00 	7.50 	6.00 	0.350430211	0.191839339	0.532939755	1	0.5
6.00 	7.50 	7.50 	0.524530803	0.514795838	0.280901963	1	0.5
6.00 	7.50 	9.00 	0.427966185	0.277195079	0.331918244	1	0.5
6.00 	7.50 	10.50 	0.873312954	0.726725212	0.955636663	1	0.5
6.00 	7.50 	12.00 	0.682756845	0.346001496	0.195958019	1	0.5
6.00 	7.50 	13.50 	0.982160829	0.923927204	0.746414414	1	0.5
6.00 	7.50 	15.00 	0.362040787	0.548313057	0.538820975	1	0.5
6.00 	9.00 	0.00 	0.820878381	0.8684259	0.367856836	1	0.5
6.00 	9.00 	1.50 	0.998555581	0.508423155	0.872737816	1	0.5
6.00 	9.00 	3.00 	0.456196548	0.882573899	0.494540967	1	0.5
6.00 	9.00 	4.50 	0.836234555	0.937847531	0.180786842	1	0.5
6.00 	9.00 	6.00 	0.343246652	0.282240375	0.95791455	1	0.5
6.00 	9.00 	7.50 	0.221311938	0.091333917	0.391508728	1	0.5
6.00 	9.00 	9.00 	0.332422905	0.592057132	0.879023333	1	0.5
6.00 	9.00 	10.50 	0.231521329	0.3748369	0.085288824	1	0.5
6.00 	9.00 	12.00 	0.284182591	0.821293084	0.622235579	1	0.5
6.00 	9.00 	13.50 	0.937286586	0.249019725	0.534300233	1	0.5
6.00 	9.00 	15.00 	0.801240546	0.860152132	0.264757302	1	0.5
6.00 	10.50 	0.00 	0.248664012	0.077054546	0.126500832	1	0.5
6.00 	10.50 	1.50 	0.713075469	0.551133295	0.254150632	1	0.5
6.00 	10.50 	3.00 	0.648937488	0.261520546	0.410447987	1	0.5
6.00 	10.50 	4.50 	0.002526418	0.924324889	0.090463112	1	0.5
6.00 	10.50 	6.00 	0.32182941	0.030124282	0.478645375	1	0.5
6.00 	10.50 	7.50 	0.156334577	0.464556947	0.228013171	1	0.5
6.00 	10.50 	9.00 	0.467764308	0.709369747	0.780748495	1	0.5
6.00 	10.50 	10.50 	0.805484787	0.561993959	0.818365043	1	0.5
6.00 	10.50 	12.00 	0.879808978	0.219098646	0.526573116	1	0.5
6.00 	10.50 	13.50 	0.766962788	0.933627737	0.481865264	1	0.5
6.00 	10.50 	15.00 	0.815346289	0.21504234	0.863112631	1	0.5
6.00 	12.00 	0.00 	0.790505504	0.041433972	0.457786591	1	0.5
6.00 	12.00 	1.50 	0.629217052	0.770685509	0.469053408	1	0.5
6.00 	12.00 	3.00 	0.033938038	0.709759484	0.434570885	1	0.5
6.00 	12.00 	4.50 	0.026614946	0.291861533	0.733404414	1	0.5
6.00 	12.00 	6.00 	0.320924781	0.131052446	0.93480848	1	0.5
6.00 	12.00 	7.50 	0.579387957	0.035798686	0.906933423	1	0.5
6.00 	12.00 	9.00 	0.092626553	0.050827399	0.859556522	1	0.5
6.00 	12.00 	10.50 	0.044867137	0.785453142	0.579168071	1	0.5
6.00 	12.00 	12.00 	0.867668708	0.204315457	0.103867534	1	0.5
6.00 	12.00 	13.50 	0.356375727	0.168796855	0.995704903	1	0.5
6.00 	12.00 	15.00 	0.299707431	0.314660094	0.537840506	1	0.5
6.00 	13.50 	0.00 	0.013381624	0.689619478	0.99520799	1	0.5
6.00 	13.50 	1.50 	0.302638091	0.630399889	0.388097701	1	0.5
6.00 	13.50 	3.00 	0.786098034	0.332378653	0.608254609	1	0.5
6.00 	13.50 	4.50 	0.901662346	0.063709119	0.453826008	1	0.5
6.00 	13.50 	6.00 	0.419912309	0.073108023	0.433876828	1	0.5
6.00 	13.50 	7.50 	0.799433937	0.92277711	0.068233146	1	0.5
6.00 	13.50 	9.00 	0.158354935	0.211708853	0.283817436	1	0.5
6.00 	13.50 	10.50 	0.024678683	0.912089365	0.354791001	1	0.5
6.00 	13.50 	12.00 	0.187034327	0.876109482	0.77391712	1	0.5
6.00 	13.50 	13.50 	0.182970501	0.966607439	0.786032203	1	0.5
6.00 	13.50 	15.00 	0.009966148	0.746212981	0.365560966	1	0.5
6.00 	15.00 	0.00 	0.337065152	0.247734501	0.395280848	1	0.5
6.00 	15.00 	1.50 	0.071538797	0.111457571	0.331484995	1	0.5
6.00 	15.00 	3.00 	0.560342611	0.388668509	0.631230079	1	0.5
6.00 	15.00 	4.50 	0.094418562	0.986686281	0.556724071	1	0.5
6.00 	15.00 	6.00 	0.557487888	0.722839699	0.874249994	1	0.5
6.00 	15.00 	7.50 	0.813351993	0.585800199	0.721647396	1	0.5
6.00 	15.00 	9.00 	0.97342084	0.483382123	0.079011485	1	0.5
6.00 	15.00 	10.50 	0.038835241	0.491227147	0.297068948	1	0.5
6.00 	15.00 	12.00 	0.518013735	0.768051291	0.153445294	1	0.5
6.00 	15.00 	13.50 	0.149787587	0.442341428	0.57127455	1	0.5
6.00 	15.00 	15.00 	0.24450134	0.574773088	0.301977359	1	0.5
7.50 	0.00 	0.00 	0.32290571	0.394687083	0.174003394	1	0.5
7.50 	0.00 	1.50 	0.055908227	0.734378405	0.989746192	1	0.5
7.50 	0.00 	3.00 	0.025501446	0.416050041	0.155787927	1	0.5
7.50 	0.00 	4.50 	0.393663424	0.645175495	0.074065747	1	0.5
7.50 	0.00 	6.00 	0.575490474	0.882821903	0.01738789	1	0.5
7.50 	0.00 	7.50 	0.707945023	0.806618017	0.112583881	1	0.5
7.50 	0.00 	9.00 	0.267950305	0.694082015	0.738510926	1	0.5
7.50 	0.00 	10.50 	0.513193362	0.372519722	0.573543641	1	0.5
7.50 	0.00 	12.00 	0.544371428	0.880414686	0.034938183	1	0.5
7.50 	0.00 	13.50 	0.868931364	0.414632168	0.176807998	1	0.5
7.50 	0.00 	15.00 	0.447608515	0.303575544	0.239447207	1	0.5
7.50 	1.50 	0.00 	0.89453968	0.355094105	0.975680317	1	0.5
7.50 	1.50 	1.50 	0.56786014	0.930381485	0.916891993	1	0.5
7.50 	1.50 	3.00 	0.568646989	0.704529489	0.424876814	1	0.5
7.50 	1.50 	4.50 	0.133818339	0.011996269	0.335666034	1	0.5
7.50 	1.50 	6.00 	0.886218654	0.820034953	0.898865442	1	0.5
7.50 	1.50 	7.50 	0.255124944	0.06924804	0.057460477	1	0.5
7.50 	1.50 	9.00 	0.397598595	0.169505207	0.580852983	1	0.5
7.50 	1.50 	10.50 	0.979332384	0.181825283	0.337121439	1	0.5
7.50 	1.50 	12.00 	0.304398042	0.50731044	0.60096343	1	0.5
7.50 	1.50 	13.50 	0.689739841	0.423609156	0.686238627	1	0.5
7.50 	1.50 	15.00 	0.054431692	0.98228573	0.148899702	1	0.5
7.50 	3.00 	0.00 	0.194152028	0.689002607	0.360389311	1	0.5
7.50 	3.00 	1.50 	0.432571621	0.205307071	0.714044151	1	0.5
7.50 	3.00 	3.00 	0.001915977	0.806824565	0.059160322	1	0.5
7.50 	3.00 	4.50 	0.274529507	0.842292769	0.169688169	1	0.5
7.50 	3.00 	6.00 	0.772765677	0.132945228	0.228440166	1	0.5
7.50 	3.00 	7.50 	0.355806567	0.773599281	0.189339295	1	0.5
7.50 	3.00 	9.00 	0.215747893	0.92854524	0.820792721	1	0.5
7.50 	3.00 	10.50 	0.070333096	0.885332694	0.654686163	1	0.5
7.50 	3.00 	12.00 	0.555125767	0.572745076	0.288904808	1	0.5
7.50 	3.00 	13.50 	0.130595771	0.629708566	0.250466995	1	0.5
7.50 	3.00 	15.00 	0.125275763	0.025593659	0.655639525	1	0.5
7.50 	4.50 	0.00 	0.70658329	0.757975006	0.302257154	1	0.5
7.50 	4.50 	1.50 	0.589623517	0.869632473	0.991657362	1	0.5
7.50 	4.50 	3.00 	0.287920705	0.824419577	0.288153404	1	0.5
7.50 	4.50 	4.50 	0.436842159	0.496227119	0.507265142	1	0.5
7.50 	4.50 	6.00 	0.612420864	0.613318902	0.981183161	1	0.5
7.50 	4.50 	7.50 	0.834937351	0.27798235	0.871935645	1	0.5
7.50 	4.50 	9.00 	0.378182164	0.938487031	0.354857914	1	0.5
7.50 	4.50 	10.50 	0.80188479	0.842336743	0.419736817	1	0.5
7.50 	4.50 	12.00 	0.636720203	0.159811603	0.799787309	1	0.5
7.50 	4.50 	13.50 	0.125650489	0.905144617	0.843548145	1	0.5
7.50 	4.50 	15.00 	0.612380153	0.647565229	0.632378505	1	0.5
7.50 	6.00 	0.00 	0.887135439	0.755468739	0.65128631	1	0.5
7.50 	6.00 	1.50 	0.158876471	0.004264791	0.993717638	1	0.5
7.50 	6.00 	3.00 	0.970294376	0.916668117	0.113713931	1	0.5
7.50 	6.00 	4.50 	0.545470623	0.712298083	0.542375015	1	0.5
7.50 	6.00 	6.00 	0.567530287	0.956283732	0.405608537	1	0.5
7.50 	6.00 	7.50 	0.397773994	0.197847947	0.247183599	1	0.5
7.50 	6.00 	9.00 	0.25742024	0.39729239	0.264148387	1	0.5
7.50 	6.00 	10.50 	0.079489939	0.905200063	0.234626261	1	0.5
7.50 	6.00 	12.00 	0.366297318	0.730486163	0.275409745	1	0.5
7.50 	6.00 	13.50 	0.80474991	0.035302263	0.860466299	1	0.5
7.50 	6.00 	15.00 	0.568255698	0.742910949	0.961570372	1	0.5
7.50 	7.50 	0.00 	0.388799058	0.69441705	0.051460628	1	0.5
7.50 	7.50 	1.50 	0.715029588	0.134999316	0.011530811	1	0.5
7.50 	7.50 	3.00 	0.178622253	0.754490286	0.304475699	1	0.5
7.50 	7.50 	4.50 	0.683725457	0.715992432	0.12339446	1	0.5
7.50 	7.50 	6.00 	0.749603676	0.786699454	0.168242713	1	0.5
7.50 	7.50 	7.50 	0.786689971	0.069078325	0.802719098	1	0.5
7.50 	7.50 	9.00 	0.607202559	0.771340255	0.021671494	1	0.5
7.50 	7.50 	10.50 	0.89987605	0.132970645	0.294545719	1	0.5
7.50 	7.50 	12.00 	0.225938329	0.30918833	0.325160852	1	0.5
7.50 	7.50 	13.50 	0.882011762	0.28497816	0.045365442	1	0.5
7.50 	7.50 	15.00 	0.56250829	0.553067663	0.829941522	1	0.5
7.50 	9.00 	0.00 	0.167961432	0.650119128	0.33078324	1	0.5
7.50 	9.00 	1.50 	0.295641483	0.419203513	0.333546033	1	0.5
7.50 	9.00 	3.00 	0.883540394	0.552769101	0.292941283	1	0.5
7.50 	9.00 	4.50 	0.001412742	0.431907245	0.260323485	1	0.5
7.50 	9.00 	6.00 	0.518335966	0.184391974	0.005192226	1	0.5
7.50 	9.00 	7.50 	0.607567631	0.700844371	0.884847036	1	0.5
7.50 	9.00 	9.00 	0.927784331	0.694544329	0.919265756	1	0.5
7.50 	9.00 	10.50 	0.610753695	0.621387126	0.749661313	1	0.5
7.50 	9.00 	12.00 	0.176030844	0.524728393	0.032673075	1	0.5
7.50 	9.00 	13.50 	0.647140104	0.263955533	0.560000119	1	0.5
7.50 	9.00 	15.00 	0.377547208	0.505783124	0.893935752	1	0.5
7.50 	10.50 	0.00 	0.872467193	0.193784504	0.526391397	1	0.5
7.50 	10.50 	1.50 	0.660918404	0.797451989	0.46016844	1	0.5
7.50 	10.50 	3.00 	0.316385953	0.735156905	0.797767985	1	0.5
7.50 	10.50 	4.50 	0.584632353	0.170769974	0.327906323	1	0.5
7.50 	10.50 	6.00 	0.743419656	0.940128926	0.571279162	1	0.5
7.50 	10.50 	7.50 	0.638810131	0.855637906	0.500097813	1	0.5
7.50 	10.50 	9.00 	0.771220402	0.309818584	0.574271204	1	0.5
7.50 	10.50 	10.50 	0.788713985	0.180118965	0.64473309	1	0.5
7.50 	10.50 	12.00 	0.769594791	0.094513658	0.713490585	1	0.5
7.50 	10.50 	13.50 	0.99803023	0.594852699	0.089544195	1	0.5
7.50 	10.50 	15.00 	0.323302237	0.322825079	0.673915544	1	0.5
7.50 	12.00 	0.00 	0.431405297	0.262769576	0.637837494	1	0.5
7.50 	12.00 	1.50 	0.793501448	0.119088468	0.648645421	1	0.5
7.50 	12.00 	3.00 	0.626080468	0.762806733	0.129662708	1	0.5
7.50 	12.00 	4.50 	0.612242722	0.752788847	0.249881952	1	0.5
7.50 	12.00 	6.00 	0.536447724	0.807847809	0.418001923	1	0.5
7.50 	12.00 	7.50 	0.899484901	0.070774299	0.115968636	1	0.5
7.50 	12.00 	9.00 	0.123158188	0.264755106	0.983944691	1	0.5
7.50 	12.00 	10.50 	0.091682958	0.463263358	0.428275534	1	0.5
7.50 	12.00 	12.00 	0.927827075	0.744923037	0.886254377	1	0.5
7.50 	12.00 	13.50 	0.018267436	0.438861587	0.899234491	1	0.5
7.50 	12.00 	15.00 	0.027922455	0.002851593	0.804136766	1	0.5
7.50 	13.50 	0.00 	0.182617776	0.991335659	0.290105896	1	0.5
7.50 	13.50 	1.50 	0.878683744	0.629455256	0.331353751	1	0.5
7.50 	13.50 	3.00 	0.23740593	0.323195697	0.628539616	1	0.5
7.50 	13.50 	4.50 	0.595860217	0.206959779	0.27613844	1	0.5
7.50 	13.50 	6.00 	0.955799877	0.0938962	0.450096105	1	0.5
7.50 	13.50 	7.50 	0.165856323	0.901252448	0.382559787	1	0.5
7.50 	13.50 	9.00 	0.654049907	0.982522107	0.330489918	1	0.5
7.50 	13.50 	10.50 	0.04230712	0.549271374	0.804376994	1	0.5
7.50 	13.50 	12.00 	0.619197329	0.344752721	0.480592917	1	0.5
7.50 	13.50 	13.50 	0.52052548	0.485282447	0.458922271	1	0.5
7.50 	13.50 	15.00 	0.609298667	0.699492804	0.988656027	1	0.5
7.50 	15.00 	0.00 	0.769672035	0.903891773	0.674554083	1	0.5
7.50 	15.00 	1.50 	0.362209736	0.192189001	0.641723474	1	0.5
7.50 	15.00 	3.00 	0.100144202	0.261420614	0.831312887	1	0.5
7.50 	15.00 	4.50 	0.452067985	0.906142415	0.238726591	1	0.5
7.50 	15.00 	6.00 	0.299351791	0.009242548	0.404207249	1	0.5
7.50 	15.00 	7.50 	0.464342532	0.053251104	0.039069235	1	0.5
7.50 	15.00 	9.00 	0.051018591	0.692976769	0.464242809	1	0.5
7.50 	15.00 	10.50 	0.060590498	0.293460113	0.94885184	1	0.5
7.50 	15.00 	12.00 	0.68932976	0.922677382	0.853216565	1	0.5
7.50 	15.00 	13.50 	0.788987441	0.418732974	0.986909702	1	0.5
7.50 	15.00 	15.00 	0.890731123	0.802655554	0.837535338	1	0.5
9.00 	0.00 	0.00 	0.831745191	0.108585472	0.764305221	1	0.5
9.00 	0.00 	1.50 	0.153617787	0.368517168	0.293333361	1	0.5
9.00 	0.00 	3.00 	0.90129729	0.578409415	0.327470943	1	0.5
9.00 	0.00 	4.50 	0.481801318	0.078497105	0.390561575	1	0.5
9.00 	0.00 	6.00 	0.032148188	0.802593446	0.947784408	1	0.5
9.00 	0.00 	7.50 	0.309655124	0.206437355	0.750291731	1	0.5
9.00 	0.00 	9.00 	0.643061748	0.52426304	0.983787415	1	0.5
9.00 	0.00 	10.50 	0.682403116	0.413594356	0.887944929	1	0.5
9.00 	0.00 	12.00 	0.699538252	0.667279052	0.548631819	1	0.5
9.00 	0.00 	13.50 	0.579941489	0.367959756	0.148844772	1	0.5
9.00 	0.00 	15.00 	0.275154686	0.146211437	0.356797288	1	0.5
9.00 	1.50 	0.00 	0.491320984	0.489572779	0.764688423	1	0.5
9.00 	1.50 	1.50 	0.233478964	0.826950096	0.513796986	1	0.5
9.00 	1.50 	3.00 	0.001378407	0.806870175	0.812527065	1	0.5
9.00 	1.50 	4.50 	0.62444483	0.208388724	0.850708922	1	0.5
9.00 	1.50 	6.00 	0.909814204	0.581796315	0.948718323	1	0.5
9.00 	1.50 	7.50 	0.5404168	0.519299692	0.824768438	1	0.5
9.00 	1.50 	9.00 	0.058335565	0.716372815	0.115368998	1	0.5
9.00 	1.50 	10.50 	0.829200557	0.744372635	0.15198811	1	0.5
9.00 	1.50 	12.00 	0.704027496	0.02347075	0.987428129	1	0.5
9.00 	1.50 	13.50 	0.407450471	0.148392944	0.861476605	1	0.5
9.00 	1.50 	15.00 	0.005862587	0.190168083	0.158529707	1	0.5
9.00 	3.00 	0.00 	0.510962696	0.0732134	0.783006191	1	0.5
9.00 	3.00 	1.50 	0.15676292	0.139793164	0.665869741	1	0.5
9.00 	3.00 	3.00 	0.582457532	0.650766924	0.239293217	1	0.5
9.00 	3.00 	4.50 	0.960605283	0.137907151	0.298900577	1	0.5
9.00 	3.00 	6.00 	0.830089792	0.345584013	0.604493353	1	0.5
9.00 	3.00 	7.50 	0.011038744	0.319611337	0.019540002	1	0.5
9.00 	3.00 	9.00 	0.359702474	0.201629658	0.373989378	1	0.5
9.00 	3.00 	10.50 	0.414850789	0.484126882	0.596423734	1	0.5
9.00 	3.00 	12.00 	0.264204	0.821349647	0.346406631	1	0.5
9.00 	3.00 	13.50 	0.076166159	0.200400972	0.361117174	1	0.5
9.00 	3.00 	15.00 	0.485358131	0.119311281	0.351367645	1	0.5
9.00 	4.50 	0.00 	0.37184368	0.613404812	0.306284742	1	0.5
9.00 	4.50 	1.50 	0.078278533	0.658053116	0.362623003	1	0.5
9.00 	4.50 	3.00 	0.022911904	0.096691421	0.252620991	1	0.5
9.00 	4.50 	4.50 	0.211510548	0.344582577	0.282917169	1	0.5
9.00 	4.50 	6.00 	0.363579347	0.094925401	0.631795034	1	0.5
9.00 	4.50 	7.50 	0.635223523	0.980999045	0.833286098	1	0.5
9.00 	4.50 	9.00 	0.981015216	0.913393714	0.632191164	1	0.5
9.00 	4.50 	10.50 	0.360066342	0.282840836	0.484308391	1	0.5
9.00 	4.50 	12.00 	0.080756793	0.795840961	0.338572291	1	0.5
9.00 	4.50 	13.50 	0.222304402	0.561931457	0.190694814	1	0.5
9.00 	4.50 	15.00 	0.885243623	0.80446055	0.2340099	1	0.5
9.00 	6.00 	0.00 	0.725795527	0.554159342	0.681260987	1	0.5
9.00 	6.00 	1.50 	0.682694465	0.307816142	0.70615925	1	0.5
9.00 	6.00 	3.00 	0.168359444	0.955215529	0.877447985	1	0.5
9.00 	6.00 	4.50 	0.364669327	0.724988037	0.735041099	1	0.5
9.00 	6.00 	6.00 	0.789677028	0.608101543	0.14219048	1	0.5
9.00 	6.00 	7.50 	0.287836733	0.080341921	0.674906599	1	0.5
9.00 	6.00 	9.00 	0.557786034	0.878140628	0.345945729	1	0.5
9.00 	6.00 	10.50 	0.768368275	0.744852494	0.652221791	1	0.5
9.00 	6.00 	12.00 	0.40865442	0.997581767	0.448226239	1	0.5
9.00 	6.00 	13.50 	0.829958622	0.285791163	0.849973956	1	0.5
9.00 	6.00 	15.00 	0.50405726	0.185784394	0.219157403	1	0.5
9.00 	7.50 	0.00 	0.357975809	0.951274491	0.217208778	1	0.5
9.00 	7.50 	1.50 	0.967060701	0.132011806	0.316550029	1	0.5
9.00 	7.50 	3.00 	0.094993246	0.865197922	0.608603791	1	0.5
9.00 	7.50 	4.50 	0.282423375	0.486268671	0.463235304	1	0.5
9.00 	7.50 	6.00 	0.959773929	0.157139563	0.324787277	1	0.5
9.00 	7.50 	7.50 	0.438396997	0.010655046	0.96497378	1	0.5
9.00 	7.50 	9.00 	0.228841945	0.083641885	0.544156392	1	0.5
9.00 	7.50 	10.50 	0.249977729	0.502085891	0.783003318	1	0.5
9.00 	7.50 	12.00 	0.812262842	0.715055906	0.309696427	1	0.5
9.00 	7.50 	13.50 	0.965767613	0.390141482	0.761705833	1	0.5
9.00 	7.50 	15.00 	0.052895715	0.685065334	0.936975555	1	0.5
9.00 	9.00 	0.00 	0.724944649	0.417589441	0.49699455	1	0.5
9.00 	9.00 	1.50 	0.651732521	0.701879672	0.081815911	1	0.5
9.00 	9.00 	3.00 	0.536460264	0.380024769	0.350688949	1	0.5
9.00 	9.00 	4.50 	0.754091069	0.218664247	0.466835583	1	0.5
9.00 	9.00 	6.00 	0.902085969	0.944303468	0.978517983	1	0.5
9.00 	9.00 	7.50 	0.399588021	0.298011366	0.590440488	1	0.5
9.00 	9.00 	9.00 	0.558301128	0.544434518	0.140696165	1	0.5
9.00 	9.00 	10.50 	0.013339565	0.095723008	0.0964561	1	0.5
9.00 	9.00 	12.00 	0.645822527	0.738153208	0.854950363	1	0.5
9.00 	9.00 	13.50 	0.477232477	0.554190697	0.898586235	1	0.5
9.00 	9.00 	15.00 	0.553470929	0.247051433	0.920634514	1	0.5
9.00 	10.50 	0.00 	0.154397596	0.565540666	0.333166555	1	0.5
9.00 	10.50 	1.50 	0.764837367	0.978009211	0.174057656	1	0.5
9.00 	10.50 	3.00 	0.123826804	0.952269048	0.050491171	1	0.5
9.00 	10.50 	4.50 	0.489241072	0.190953125	0.396964514	1	0.5
9.00 	10.50 	6.00 	0.014463115	0.702239828	0.746536596	1	0.5
9.00 	10.50 	7.50 	0.150382818	0.080541572	0.668999818	1	0.5
9.00 	10.50 	9.00 	0.04493855	0.160196348	0.244123221	1	0.5
9.00 	10.50 	10.50 	0.173275122	0.794492505	0.97333972	1	0.5
9.00 	10.50 	12.00 	0.98159182	0.042252326	0.717655976	1	0.5
9.00 	10.50 	13.50 	0.896786274	0.668870913	0.589721931	1	0.5
9.00 	10.50 	15.00 	0.694869165	0.945507512	0.495264869	1	0.5
9.00 	12.00 	0.00 	0.302560611	0.749218292	0.303636304	1	0.5
9.00 	12.00 	1.50 	0.408058227	0.252974132	0.982073302	1	0.5
9.00 	12.00 	3.00 	0.643990995	0.142214336	0.749309907	1	0.5
9.00 	12.00 	4.50 	0.847153725	0.162161677	0.258551	1	0.5
9.00 	12.00 	6.00 	0.462710601	0.98263679	0.21980934	1	0.5
9.00 	12.00 	7.50 	0.643080286	0.873063553	0.758755826	1	0.5
9.00 	12.00 	9.00 	0.983888574	0.582705865	0.194852752	1	0.5
9.00 	12.00 	10.50 	0.872390985	0.866323241	0.217003656	1	0.5
9.00 	12.00 	12.00 	0.528952406	0.097982104	0.54015105	1	0.5
9.00 	12.00 	13.50 	0.435478725	0.9287696	0.42024604	1	0.5
9.00 	12.00 	15.00 	0.450400207	0.494190085	0.777603641	1	0.5
9.00 	13.50 	0.00 	0.074709639	0.450228879	0.754234534	1	0.5
9.00 	13.50 	1.50 	0.216726576	0.666941288	0.984319579	1	0.5
9.00 	13.50 	3.00 	0.186573223	0.489624227	0.299584464	1	0.5
9.00 	13.50 	4.50 	0.015808581	0.977441531	0.273200656	1	0.5
9.00 	13.50 	6.00 	0.139071421	0.32309127	0.544009743	1	0.5
9.00 	13.50 	7.50 	0.378281141	0.75480148	0.019360489	1	0.5
9.00 	13.50 	9.00 	0.215051944	0.46423097	0.680481375	1	0.5
9.00 	13.50 	10.50 	0.137427378	0.811432272	0.102081472	1	0.5
9.00 	13.50 	12.00 	0.358382602	0.524342642	0.892297705	1	0.5
9.00 	13.50 	13.50 	0.204035229	0.005469579	0.935019869	1	0.5
9.00 	13.50 	15.00 	0.961425341	0.962708612	0.212229066	1	0.5
9.00 	15.00 	0.00 	0.835072557	0.530152501	0.595820952	1	0.5
9.00 	15.00 	1.50 	0.358690748	0.829642956	0.533983371	1	0.5
9.00 	15.00 	3.00 	0.775010899	0.494537369	0.499488197	1	0.5
9.00 	15.00 	4.50 	0.30133579	0.130982816	0.14337164	1	0.5
9.00 	15.00 	6.00 	0.207830099	0.333157307	0.452193575	1	0.5
9.00 	15.00 	7.50 	0.533256608	0.437004456	0.660161106	1	0.5
9.00 	15.00 	9.00 	0.599781603	0.628831363	0.104710412	1	0.5
9.00 	15.00 	10.50 	0.833841676	0.430222537	0.765695582	1	0.5
9.00 	15.00 	12.00 	0.714196433	0.719368401	0.59024929	1	0.5
9.00 	15.00 	13.50 	0.022776572	0.622970958	0.577775686	1	0.5
9.00 	15.00 	15.00 	0.776066617	0.364437924	0.631424183	1	0.5
10.50 	0.00 	0.00 	0.155592266	0.105483373	0.994862067	1	0.5
10.50 	0.00 	1.50 	0.721121933	0.759773537	0.421955361	1	0.5
10.50 	0.00 	3.00 	0.996027226	0.1763604	0.086361344	1	0.5
10.50 	0.00 	4.50 	0.702797976	0.361577052	0.14702342	1	0.5
10.50 	0.00 	6.00 	0.410568097	0.165376959	0.771423508	1	0.5
10.50 	0.00 	7.50 	0.260742624	0.172690583	0.003902659	1	0.5
10.50 	0.00 	9.00 	0.027196799	0.677889101	0.226295096	1	0.5
10.50 	0.00 	10.50 	0.952922245	0.920554567	0.958633201	1	0.5
10.50 	0.00 	12.00 	0.177215089	0.711131331	0.15713173	1	0.5
10.50 	0.00 	13.50 	0.878190699	0.905037036	0.595204009	1	0.5
10.50 	0.00 	15.00 	0.630252276	0.471613327	0.864948636	1	0.5
10.50 	1.50 	0.00 	0.357985677	0.314010371	0.606800448	1	0.5
10.50 	1.50 	1.50 	0.411520976	0.739416874	0.070232943	1	0.5
10.50 	1.50 	3.00 	0.117144586	0.978189684	0.24050521	1	0.5
10.50 	1.50 	4.50 	0.698485747	0.635653186	0.945966064	1	0.5
10.50 	1.50 	6.00 	0.223081585	0.323067811	0.406252549	1	0.5
10.50 	1.50 	7.50 	0.222193529	0.194965008	0.162669436	1	0.5
10.50 	1.50 	9.00 	0.15701069	0.6533451	0.967668892	1	0.5
10.50 	1.50 	10.50 	0.497040833	0.212458442	0.700346429	1	0.5
10.50 	1.50 	12.00 	0.223508011	0.952834564	0.172741632	1	0.5
10.50 	1.50 	13.50 	0.241596331	0.467535079	0.228525478	1	0.5
10.50 	1.50 	15.00 	0.796641816	0.79041973	0.349791193	1	0.5
10.50 	3.00 	0.00 	0.036047712	0.698191596	0.069804179	1	0.5
10.50 	3.00 	1.50 	0.985298801	0.393676328	0.207600585	1	0.5
10.50 	3.00 	3.00 	0.422059504	0.241912357	0.059458378	1	0.5
10.50 	3.00 	4.50 	0.837774928	0.313629102	0.910523531	1	0.5
10.50 	3.00 	6.00 	0.425508961	0.762783165	0.660763578	1	0.5
10.50 	3.00 	7.50 	0.869339966	0.650121986	0.670156378	1	0.5
10.50 	3.00 	9.00 	0.398589241	0.896119892	0.667659618	1	0.5
10.50 	3.00 	10.50 	0.795525899	0.188092539	0.454394853	1	0.5
10.50 	3.00 	12.00 	0.449113034	0.088219356	0.025010348	1	0.5
10.50 	3.00 	13.50 	0.303173662	0.04799538	0.719630017	1	0.5
10.50 	3.00 	15.00 	0.162384572	0.901206357	0.501971788	1	0.5
10.50 	4.50 	0.00 	0.6840499	0.653111178	0.820380127	1	0.5
10.50 	4.50 	1.50 	0.926304117	0.184537955	0.364284447	1	0.5
10.50 	4.50 	3.00 	0.820033964	0.793310258	0.874010742	1	0.5
10.50 	4.50 	4.50 	0.20122168	0.106081349	0.351913292	1	0.5
10.50 	4.50 	6.00 	0.962952201	0.545050552	0.707682131	1	0.5
10.50 	4.50 	7.50 	0.180623199	0.19538568	0.366779238	1	0.5
10.50 	4.50 	9.00 	0.147851632	0.555970622	0.990934037	1	0.5
10.50 	4.50 	10.50 	0.679241509	0.167834731	0.560092949	1	0.5
10.50 	4.50 	12.00 	0.197485825	0.388014808	0.662116603	1	0.5
10.50 	4.50 	13.50 	0.05342732	0.897633673	0.981395392	1	0.5
10.50 	4.50 	15.00 	0.253496247	0.950748298	0.422223602	1	0.5
10.50 	6.00 	0.00 	0.213555607	0.314597697	0.759215177	1	0.5
10.50 	6.00 	1.50 	0.920816452	0.821947554	0.093493386	1	0.5
10.50 	6.00 	3.00 	0.713355965	0.68531989	0.587815654	1	0.5
10.50 	6.00 	4.50 	0.646796271	0.20146646	0.273810498	1	0.5
10.50 	6.00 	6.00 	0.33205578	0.624473679	0.645554696	1	0.5
10.50 	6.00 	7.50 	0.394663084	0.78976907	0.111638942	1	0.5
10.50 	6.00 	9.00 	0.698629585	0.935514946	0.796914049	1	0.5
10.50 	6.00 	10.50 	0.626864	0.977499868	0.634611615	1	0.5
10.50 	6.00 	12.00 	0.896427215	0.413740856	0.241439995	1	0.5
10.50 	6.00 	13.50 	0.763638006	0.736481443	0.004414779	1	0.5
10.50 	6.00 	15.00 	0.10074096	0.279852568	0.288834108	1	0.5
10.50 	7.50 	0.00 	0.974267723	0.322927893	0.923187612	1	0.5
10.50 	7.50 	1.50 	0.906278361	0.800406187	0.600521878	1	0.5
10.50 	7.50 	3.00 	0.072818287	0.742822492	0.450343737	1	0.5
10.50 	7.50 	4.50 	0.75291467	0.255577164	0.542759357	1	0.5
10.50 	7.50 	6.00 	0.192432048	0.196417119	0.217614951	1	0.5
10.50 	7.50 	7.50 	0.900860075	0.641043652	0.39320358	1	0.5
10.50 	7.50 	9.00 	0.229946397	0.527313437	0.438515598	1	0.5
10.50 	7.50 	10.50 	0.285412404	0.106728812	0.52128187	1	0.5
10.50 	7.50 	12.00 	0.252211824	0.778806973	0.22057098	1	0.5
10.50 	7.50 	13.50 	0.851159405	0.092222157	0.565484749	1	0.5
10.50 	7.50 	15.00 	0.377637651	0.537016595	0.208779747	1	0.5
10.50 	9.00 	0.00 	0.156162236	0.614844903	0.103268856	1	0.5
10.50 	9.00 	1.50 	0.785032036	0.957430656	0.317692519	1	0.5
10.50 	9.00 	3.00 	0.26433549	0.308661517	0.485714328	1	0.5
10.50 	9.00 	4.50 	0.893702111	0.753981601	0.774720621	1	0.5
10.50 	9.00 	6.00 	0.166920697	0.972115365	0.851886045	1	0.5
10.50 	9.00 	7.50 	0.817779132	0.619749521	0.466013204	1	0.5
10.50 	9.00 	9.00 	0.86883993	0.64603891	0.166267744	1	0.5
10.50 	9.00 	10.50 	0.609320307	0.440378027	0.462292325	1	0.5
10.50 	9.00 	12.00 	0.457911927	0.299265522	0.333080705	1	0.5
10.50 	9.00 	13.50 	0.415970735	0.386963713	0.557029201	1	0.5
10.50 	9.00 	15.00 	0.20535515	0.869423718	0.008952257	1	0.5
10.50 	10.50 	0.00 	0.35689711	0.819975888	0.407317812	1	0.5
10.50 	10.50 	1.50 	0.037387916	0.5210699	0.069600653	1	0.5
10.50 	10.50 	3.00 	0.702354043	0.444020714	0.178978337	1	0.5
10.50 	10.50 	4.50 	0.961884975	0.028484132	0.319557119	1	0.5
10.50 	10.50 	6.00 	0.320311579	0.926412052	0.602322885	1	0.5
10.50 	10.50 	7.50 	0.643143405	0.951599235	0.294935307	1	0.5
10.50 	10.50 	9.00 	0.379169308	0.780272117	0.775050448	1	0.5
10.50 	10.50 	10.50 	0.580426555	0.353890468	0.650062476	1	0.5
10.50 	10.50 	12.00 	0.984472177	0.640465099	0.349192859	1	0.5
10.50 	10.50 	13.50 	0.482362338	0.234345099	0.463662535	1	0.5
10.50 	10.50 	15.00 	0.795709641	0.74932807	0.843765579	1	0.5
10.50 	12.00 	0.00 	0.570329116	0.015606615	0.844145317	1	0.5
10.50 	12.00 	1.50 	0.097993719	0.306785187	0.456057909	1	0.5
10.50 	12.00 	3.00 	0.091334477	0.664541911	0.069270707	1	0.5
10.50 	12.00 	4.50 	0.165743298	0.113212385	0.012693388	1	0.5
10.50 	12.00 	6.00 	0.490929578	0.89512699	0.982267907	1	0.5
10.50 	12.00 	7.50 	0.951000219	0.554323451	0.586473472	1	0.5
10.50 	12.00 	9.00 	0.436418436	0.40428323	0.29901587	1	0.5
10.50 	12.00 	10.50 	0.934322273	0.918783812	0.576177949	1	0.5
10.50 	12.00 	12.00 	0.293888107	0.82991658	0.571790858	1	0.5
10.50 	12.00 	13.50 	0.299537813	0.678652267	0.036639062	1	0.5
10.50 	12.00 	15.00 	0.170065396	0.862463483	0.13701486	1	0.5
10.50 	13.50 	0.00 	0.198934537	0.567695844	0.0203839	1	0.5
10.50 	13.50 	1.50 	0.654932381	0.712260314	0.021557911	1	0.5
10.50 	13.50 	3.00 	0.720391419	0.704283859	0.244743522	1	0.5
10.50 	13.50 	4.50 	0.539091022	0.706081671	0.255502037	1	0.5
10.50 	13.50 	6.00 	0.362772398	0.843366006	0.895848138	1	0.5
10.50 	13.50 	7.50 	0.546073488	0.603128272	0.700605934	1	0.5
10.50 	13.50 	9.00 	0.636906119	0.192754142	0.874364433	1	0.5
10.50 	13.50 	10.50 	0.633196792	0.461330149	0.203051585	1	0.5
10.50 	13.50 	12.00 	0.236934872	0.856282312	0.130050762	1	0.5
10.50 	13.50 	13.50 	0.833608348	0.001676982	0.864091455	1	0.5
10.50 	13.50 	15.00 	0.297010864	0.711837019	0.951693031	1	0.5
10.50 	15.00 	0.00 	0.494764937	0.392543132	0.07557851	1	0.5
10.50 	15.00 	1.50 	0.425946542	0.921827937	0.923634694	1	0.5
10.50 	15.00 	3.00 	0.390989881	0.34779878	0.587441247	1	0.5
10.50 	15.00 	4.50 	0.304525737	0.164164896	0.397983237	1	0.5
10.50 	15.00 	6.00 	0.149524871	0.814215214	0.687206854	1	0.5
10.50 	15.00 	7.50 	0.23589835	0.816367086	0.816269533	1	0.5
10.50 	15.00 	9.00 	0.586605642	0.693531143	0.704265108	1	0.5
10.50 	15.00 	10.50 	0.841387621	0.380554721	0.497179853	1	0.5
10.50 	15.00 	12.00 	0.330699391	0.045671508	0.927487111	1	0.5
10.50 	15.00 	13.50 	0.336587128	0.290176365	0.445654262	1	0.5
10.50 	15.00 	15.00 	0.178007825	0.975691752	0.353452382	1	0.5
12.00 	0.00 	0.00 	0.387565746	0.324307457	0.021443311	1	0.5
12.00 	0.00 	1.50 	0.132830383	0.034051671	0.077310326	1	0.5
12.00 	0.00 	3.00 	0.792504811	0.064002375	0.002505147	1	0.5
12.00 	0.00 	4.50 	0.428740961	0.272390918	0.52233226	1	0.5
12.00 	0.00 	6.00 	0.44460339	0.061136018	0.787947156	1	0.5
12.00 	0.00 	7.50 	0.836743439	0.752648229	0.103183882	1	0.5
12.00 	0.00 	9.00 	0.0365039	0.096637408	0.061253776	1	0.5
12.00 	0.00 	10.50 	0.496268519	0.428026376	0.039968219	1	0.5
12.00 	0.00 	12.00 	0.609411315	0.754814152	0.513496839	1	0.5
12.00 	0.00 	13.50 	0.997424428	0.923939589	0.443176062	1	0.5
12.00 	0.00 	15.00 	0.884715627	0.663596903	0.776074459	1	0.5
12.00 	1.50 	0.00 	0.756010349	0.646490894	0.778462513	1	0.5
12.00 	1.50 	1.50 	0.109436093	0.383574578	0.005185357	1	0.5
12.00 	1.50 	3.00 	0.583456645	0.786526263	0.084792446	1	0.5
12.00 	1.50 	4.50 	0.513880508	0.108747974	0.384947697	1	0.5
12.00 	1.50 	6.00 	0.889343757	0.068126706	0.749924136	1	0.5
12.00 	1.50 	7.50 	0.296313206	0.2852239	0.081501496	1	0.5
12.00 	1.50 	9.00 	0.436951262	0.726494992	0.428766689	1	0.5
12.00 	1.50 	10.50 	0.338404955	0.220387146	0.669134667	1	0.5
12.00 	1.50 	12.00 	0.407773897	0.969940057	0.085903873	1	0.5
12.00 	1.50 	13.50 	0.296499266	0.829749548	0.863057211	1	0.5
12.00 	1.50 	15.00 	0.510407113	0.653362397	0.147006996	1	0.5
12.00 	3.00 	0.00 	0.80573189	0.798307789	0.900823438	1	0.5
12.00 	3.00 	1.50 	0.692157662	0.549154205	0.147832182	1	0.5
12.00 	3.00 	3.00 	0.768831803	0.647732837	0.252456642	1	0.5
12.00 	3.00 	4.50 	0.952678567	0.51363345	0.205224066	1	0.5
12.00 	3.00 	6.00 	0.811659348	0.994943626	0.345574643	1	0.5
12.00 	3.00 	7.50 	0.450817625	0.508477255	0.327972797	1	0.5
12.00 	3.00 	9.00 	0.285136188	0.942262178	0.575265855	1	0.5
12.00 	3.00 	10.50 	0.576738418	0.658080647	0.091400556	1	0.5
12.00 	3.00 	12.00 	0.609897666	0.60516964	0.580113574	1	0.5
12.00 	3.00 	13.50 	0.873054347	0.82807454	0.37368947	1	0.5
12.00 	3.00 	15.00 	0.346786363	0.672456577	0.684764186	1	0.5
12.00 	4.50 	0.00 	0.235231804	0.184020929	0.413867729	1	0.5
12.00 	4.50 	1.50 	0.755884081	0.946971766	0.175352575	1	0.5
12.00 	4.50 	3.00 	0.710240393	0.839637415	0.655498875	1	0.5
12.00 	4.50 	4.50 	0.347335298	0.360103609	0.726957177	1	0.5
12.00 	4.50 	6.00 	0.725981871	0.312544849	0.833768334	1	0.5
12.00 	4.50 	7.50 	0.323446471	0.085723946	0.031379908	1	0.5
12.00 	4.50 	9.00 	0.424842853	0.511713864	0.411503842	1	0.5
12.00 	4.50 	10.50 	0.464200489	0.734321293	0.826339933	1	0.5
12.00 	4.50 	12.00 	0.792426408	0.96589844	0.681074548	1	0.5
12.00 	4.50 	13.50 	0.516396169	0.915499891	0.220633317	1	0.5
12.00 	4.50 	15.00 	0.6845815	0.467329897	0.610464034	1	0.5
12.00 	6.00 	0.00 	0.087239599	0.143560118	0.753852794	1	0.5
12.00 	6.00 	1.50 	0.069315581	0.429174811	0.862941126	1	0.5
12.00 	6.00 	3.00 	0.384307657	0.401127749	0.300555937	1	0.5
12.00 	6.00 	4.50 	0.904149391	0.651858232	0.221515064	1	0.5
12.00 	6.00 	6.00 	0.923037291	0.15356529	0.944865912	1	0.5
12.00 	6.00 	7.50 	0.058756501	0.857044269	0.847382308	1	0.5
12.00 	6.00 	9.00 	0.215517849	0.939827596	0.392924728	1	0.5
12.00 	6.00 	10.50 	0.673773028	0.985479267	0.855757622	1	0.5
12.00 	6.00 	12.00 	0.195730389	0.873959976	0.209310217	1	0.5
12.00 	6.00 	13.50 	0.085082211	0.896255594	0.594855187	1	0.5
12.00 	6.00 	15.00 	0.178365898	0.208056916	0.893078013	1	0.5
12.00 	7.50 	0.00 	0.939717674	0.675464142	0.632888862	1	0.5
12.00 	7.50 	1.50 	0.813394775	0.628599733	0.795792092	1	0.5
12.00 	7.50 	3.00 	0.217875265	0.078676166	0.609389346	1	0.5
12.00 	7.50 	4.50 	0.681288975	0.802023683	0.087274052	1	0.5
12.00 	7.50 	6.00 	0.826903165	0.907640453	0.138474037	1	0.5
12.00 	7.50 	7.50 	0.801312757	0.478307116	0.310525553	1	0.5
12.00 	7.50 	9.00 	0.498241577	0.521130526	0.299414131	1	0.5
12.00 	7.50 	10.50 	0.876832694	0.975168074	0.600170572	1	0.5
12.00 	7.50 	12.00 	0.313900045	0.185030388	0.048863571	1	0.5
12.00 	7.50 	13.50 	0.725471864	0.402698762	0.287614364	1	0.5
12.00 	7.50 	15.00 	0.858261864	0.394468226	0.42510874	1	0.5
12.00 	9.00 	0.00 	0.130476355	0.888993249	0.06685642	1	0.5
12.00 	9.00 	1.50 	0.797117935	0.201367645	0.130534244	1	0.5
12.00 	9.00 	3.00 	0.214275145	0.464006944	0.642957445	1	0.5
12.00 	9.00 	4.50 	0.98343889	0.960384264	0.697110632	1	0.5
12.00 	9.00 	6.00 	0.418349801	0.783445023	0.253291761	1	0.5
12.00 	9.00 	7.50 	0.369305739	0.873152935	0.489384262	1	0.5
12.00 	9.00 	9.00 	0.058007876	0.081945705	0.554655296	1	0.5
12.00 	9.00 	10.50 	0.566218431	0.403197353	0.650010981	1	0.5
12.00 	9.00 	12.00 	0.350266052	0.258621968	0.871157832	1	0.5
12.00 	9.00 	13.50 	0.760390249	0.260255143	0.601682745	1	0.5
12.00 	9.00 	15.00 	0.841959962	0.807310345	0.763869679	1	0.5
12.00 	10.50 	0.00 	0.503343605	0.610152715	0.087669693	1	0.5
12.00 	10.50 	1.50 	0.724426477	0.615980909	0.747200937	1	0.5
12.00 	10.50 	3.00 	0.619298305	0.207050318	0.984781641	1	0.5
12.00 	10.50 	4.50 	0.488989137	0.346280101	0.690560149	1	0.5
12.00 	10.50 	6.00 	0.244238844	0.502191509	0.299294485	1	0.5
12.00 	10.50 	7.50 	0.002901443	0.395405106	0.642276369	1	0.5
12.00 	10.50 	9.00 	0.158836332	0.957668561	0.526170346	1	0.5
12.00 	10.50 	10.50 	0.172677439	0.924883079	0.652157918	1	0.5
12.00 	10.50 	12.00 	0.202735183	0.989328458	0.780652408	1	0.5
12.00 	10.50 	13.50 	0.341485301	0.087455779	0.237192108	1	0.5
12.00 	10.50 	15.00 	0.638075435	0.486004723	0.644057566	1	0.5
12.00 	12.00 	0.00 	0.255884189	0.840083727	0.740061486	1	0.5
12.00 	12.00 	1.50 	0.60839648	0.994642994	0.381465123	1	0.5
12.00 	12.00 	3.00 	0.007266933	0.295212916	0.103976802	1	0.5
12.00 	12.00 	4.50 	0.80788745	0.458363973	0.456648664	1	0.5
12.00 	12.00 	6.00 	0.967418392	0.538782585	0.422994836	1	0.5
12.00 	12.00 	7.50 	0.740646481	0.027315742	0.582869648	1	0.5
12.00 	12.00 	9.00 	0.694490062	0.092496401	0.223880499	1	0.5
12.00 	12.00 	10.50 	0.026569205	0.883392984	0.263033818	1	0.5
12.00 	12.00 	12.00 	0.026297391	0.941002433	0.025471855	1	0.5
12.00 	12.00 	13.50 	0.539276464	0.100735508	0.336126757	1	0.5
12.00 	12.00 	15.00 	0.314103781	0.244696927	0.712180363	1	0.5
12.00 	13.50 	0.00 	0.85221993	0.870296546	0.753109491	1	0.5
12.00 	13.50 	1.50 	0.154661065	0.763141865	0.024314667	1	0.5
12.00 	13.50 	3.00 	0.58719533	0.763606197	0.212115475	1	0.5
12.00 	13.50 	4.50 	0.451769884	0.235426688	0.31805816	1	0.5
12.00 	13.50 	6.00 	0.282631579	0.054736399	0.487989343	1	0.5
12.00 	13.50 	7.50 	0.037770118	0.990276687	0.42365463	1	0.5
12.00 	13.50 	9.00 	0.750857946	0.582347849	0.189999436	1	0.5
12.00 	13.50 	10.50 	0.287600286	0.034723344	0.926058509	1	0.5
12.00 	13.50 	12.00 	0.46497483	0.089114835	0.042693845	1	0.5
12.00 	13.50 	13.50 	0.188326312	0.085178139	0.173664574	1	0.5
12.00 	13.50 	15.00 	0.931557108	0.610372513	0.212460695	1	0.5
12.00 	15.00 	0.00 	0.871671195	0.14421536	0.779897455	1	0.5
12.00 	15.00 	1.50 	0.759868557	0.481881038	0.213986527	1	0.5
12.00 	15.00 	3.00 	0.831414685	0.397487643	0.052729631	1	0.5
12.00 	15.00 	4.50 	0.141392519	0.262203957	0.683685234	1	0.5
12.00 	15.00 	6.00 	0.651262068	0.07136055	0.726087575	1	0.5
12.00 	15.00 	7.50 	0.341534191	0.922094645	0.126737874	1	0.5
12.00 	15.00 	9.00 	0.092321982	0.271145567	0.593756445	1	0.5
12.00 	15.00 	10.50 	0.142575629	0.205697549	0.729916792	1	0.5
12.00 	15.00 	12.00 	0.183875239	0.054718203	0.186875433	1	0.5
12.00 	15.00 	13.50 	0.089098392	0.852516506	0.582946708	1	0.5
12.00 	15.00 	15.00 	0.59197937	0.537707956	0.291911501	1	0.5
13.50 	0.00 	0.00 	0.730860893	0.580399732	0.840171602	1	0.5
13.50 	0.00 	1.50 	0.557720583	0.522809176	0.418441678	1	0.5
13.50 	0.00 	3.00 	0.365496003	0.138857092	0.943335192	1	0.5
13.50 	0.00 	4.50 	0.085563475	0.522877645	0.96425135	1	0.5
13.50 	0.00 	6.00 	0.271588813	0.802019155	0.228445033	1	0.5
13.50 	0.00 	7.50 	0.880843225	0.597741633	0.982039827	1	0.5
13.50 	0.00 	9.00 	0.275823381	0.432826902	0.352338933	1	0.5
13.50 	0.00 	10.50 	0.771473189	0.543417303	0.882179	1	0.5
13.50 	0.00 	12.00 	0.688703242	0.079783558	0.262952446	1	0.5
13.50 	0.00 	13.50 	0.169041825	0.7968821	0.788149332	1	0.5
13.50 	0.00 	15.00 	0.885599493	0.623381218	0.931962576	1	0.5
13.50 	1.50 	0.00 	0.944511517	0.09651364	0.022643233	1	0.5
13.50 	1.50 	1.50 	0.192468735	0.313280176	0.141906961	1	0.5
13.50 	1.50 	3.00 	0.738328043	0.126120975	0.779633005	1	0.5
13.50 	1.50 	4.50 	0.649342974	0.453409522	0.374616023	1	0.5
13.50 	1.50 	6.00 	0.832464738	0.145617088	0.945530742	1	0.5
13.50 	1.50 	7.50 	0.27136689	0.507131911	0.608682138	1	0.5
13.50 	1.50 	9.00 	0.473127633	0.499814987	0.013253621	1	0.5
13.50 	1.50 	10.50 	0.098264464	0.801285949	0.621587056	1	0.5
13.50 	1.50 	12.00 	0.207933457	0.454349613	0.695634133	1	0.5
13.50 	1.50 	13.50 	0.381694677	0.563652556	0.612932717	1	0.5
13.50 	1.50 	15.00 	0.615946983	0.446048929	0.826515424	1	0.5
13.50 	3.00 	0.00 	0.540550683	0.208417758	0.716166264	1	0.5
13.50 	3.00 	1.50 	0.702375531	0.569261481	0.098011433	1	0.5
13.50 	3.00 	3.00 	0.368101524	0.463975222	0.18241633	1	0.5
13.50 	3.00 	4.50 	0.743084803	0.693986552	0.661114738	1	0.5
13.50 	3.00 	6.00 	0.144244391	0.06165681	0.239363355	1	0.5
13.50 	3.00 	7.50 	0.071296881	0.706996947	0.959158751	1	0.5
13.50 	3.00 	9.00 	0.030619125	0.533063041	0.64911687	1	0.5
13.50 	3.00 	10.50 	0.866617292	0.523041014	0.795709758	1	0.5
13.50 	3.00 	12.00 	0.790905258	0.670822913	0.736991598	1	0.5
13.50 	3.00 	13.50 	0.404520453	0.437537902	0.50327592	1	0.5
13.50 	3.00 	15.00 	0.62561724	0.278766777	0.359580779	1	0.5
13.50 	4.50 	0.00 	0.249472518	0.12501516	0.399030171	1	0.5
13.50 	4.50 	1.50 	0.966325517	0.958514822	0.807057546	1	0.5
13.50 	4.50 	3.00 	0.313081433	0.968446707	0.013424184	1	0.5
13.50 	4.50 	4.50 	0.00099219	0.065482197	0.216946781	1	0.5
13.50 	4.50 	6.00 	0.010651873	0.89576553	0.343386077	1	0.5
13.50 	4.50 	7.50 	0.513023062	0.325407438	0.98976325	1	0.5
13.50 	4.50 	9.00 	0.539736874	0.292726831	0.365789474	1	0.5
13.50 	4.50 	10.50 	0.363668586	0.317675388	0.255655265	1	0.5
13.50 	4.50 	12.00 	0.170408084	0.253500176	0.884095778	1	0.5
13.50 	4.50 	13.50 	0.589063744	0.281187779	0.233394644	1	0.5
13.50 	4.50 	15.00 	0.550705203	0.892256003	0.376466175	1	0.5
13.50 	6.00 	0.00 	0.238106609	0.827710719	0.889167371	1	0.5
13.50 	6.00 	1.50 	0.005456845	0.037471904	0.204962874	1	0.5
13.50 	6.00 	3.00 	0.905154599	0.02760751	0.763082472	1	0.5
13.50 	6.00 	4.50 	0.610737281	0.90172159	0.991365684	1	0.5
13.50 	6.00 	6.00 	0.945585786	0.925802733	0.254564669	1	0.5
13.50 	6.00 	7.50 	0.905241339	0.311084792	0.930335029	1	0.5
13.50 	6.00 	9.00 	0.262214265	0.023347172	0.025655492	1	0.5
13.50 	6.00 	10.50 	0.874183472	0.745626626	0.488487928	1	0.5
13.50 	6.00 	12.00 	0.829787643	0.11135222	0.637999515	1	0.5
13.50 	6.00 	13.50 	0.0768372	0.258462976	0.536818202	1	0.5
13.50 	6.00 	15.00 	0.226972431	0.588852358	0.602587893	1	0.5
13.50 	7.50 	0.00 	0.765307545	0.013394083	0.414851977	1	0.5
13.50 	7.50 	1.50 	0.87948005	0.552562878	0.165697348	1	0.5
13.50 	7.50 	3.00 	0.039663243	0.871610536	0.891655403	1	0.5
13.50 	7.50 	4.50 	0.511326656	0.895236752	0.313683916	1	0.5
13.50 	7.50 	6.00 	0.420080533	0.631849518	0.75422867	1	0.5
13.50 	7.50 	7.50 	0.798611849	0.753166816	0.833181996	1	0.5
13.50 	7.50 	9.00 	0.653776994	0.793875686	0.975510328	1	0.5
13.50 	7.50 	10.50 	0.634302399	0.717479901	0.728775616	1	0.5
13.50 	7.50 	12.00 	0.633760046	0.790601076	0.023380403	1	0.5
13.50 	7.50 	13.50 	0.641201984	0.959647542	0.673304827	1	0.5
13.50 	7.50 	15.00 	0.85053013	0.944557121	0.977946432	1	0.5
13.50 	9.00 	0.00 	0.315733347	0.301348819	0.867255031	1	0.5
13.50 	9.00 	1.50 	0.795841133	0.371609973	0.158960448	1	0.5
13.50 	9.00 	3.00 	0.191616241	0.542843954	0.64870049	1	0.5
13.50 	9.00 	4.50 	0.704677517	0.360414561	0.500963089	1	0.5
13.50 	9.00 	6.00 	0.589469192	0.542950016	0.491461268	1	0.5
13.50 	9.00 	7.50 	0.882067416	0.247367426	0.492973837	1	0.5
13.50 	9.00 	9.00 	0.671811391	0.674385695	0.39277655	1	0.5
13.50 	9.00 	10.50 	0.020476566	0.90745094	0.509178816	1	0.5
13.50 	9.00 	12.00 	0.620881879	0.060785774	0.657438283	1	0.5
13.50 	9.00 	13.50 	0.476311102	0.028088249	0.207789211	1	0.5
13.50 	9.00 	15.00 	0.955564351	0.558378729	0.796010954	1	0.5
13.50 	10.50 	0.00 	0.916637615	0.734426607	0.941121161	1	0.5
13.50 	10.50 	1.50 	0.506168172	0.613770411	0.533865065	1	0.5
13.50 	10.50 	3.00 	0.496752221	0.191158924	0.047802882	1	0.5
13.50 	10.50 	4.50 	0.57968334	0.951925804	0.542565742	1	0.5
13.50 	10.50 	6.00 	0.452679596	0.070176943	0.527702304	1	0.5
13.50 	10.50 	7.50 	0.886390577	0.516134473	0.968960552	1	0.5
13.50 	10.50 	9.00 	0.171331913	0.95570017	0.016865221	1	0.5
13.50 	10.50 	10.50 	0.196326035	0.554651732	0.669085225	1	0.5
13.50 	10.50 	12.00 	0.658239491	0.166992081	0.959588788	1	0.5
13.50 	10.50 	13.50 	0.431746432	0.243542932	0.982236356	1	0.5
13.50 	10.50 	15.00 	0.800593299	0.06150214	0.075683664	1	0.5
13.50 	12.00 	0.00 	0.579678142	0.835494735	0.841307754	1	0.5
13.50 	12.00 	1.50 	0.355678984	0.886986777	0.46544156	1	0.5
13.50 	12.00 	3.00 	0.754467542	0.187370012	0.870571423	1	0.5
13.50 	12.00 	4.50 	0.98689872	0.572253628	0.030952384	1	0.5
13.50 	12.00 	6.00 	0.039034997	0.591773754	0.839914386	1	0.5
13.50 	12.00 	7.50 	0.539518208	0.563632332	0.626776998	1	0.5
13.50 	12.00 	9.00 	0.846905843	0.467082871	0.753360455	1	0.5
13.50 	12.00 	10.50 	0.304255503	0.800983979	0.192454753	1	0.5
13.50 	12.00 	12.00 	0.990595532	0.579087758	0.903161958	1	0.5
13.50 	12.00 	13.50 	0.744026711	0.684233406	0.918528067	1	0.5
13.50 	12.00 	15.00 	0.531139872	0.047700293	0.189400073	1	0.5
13.50 	13.50 	0.00 	0.740246301	0.645926896	0.915205317	1	0.5
13.50 	13.50 	1.50 	0.650155921	0.669285769	0.072269369	1	0.5
13.50 	13.50 	3.00 	0.599933131	0.792980346	0.715104722	1	0.5
13.50 	13.50 	4.50 	0.418270431	0.90024066	0.160729995	1	0.5
13.50 	13.50 	6.00 	0.148164423	0.984179534	0.331673112	1	0.5
13.50 	13.50 	7.50 	0.010343057	0.854432947	0.357222455	1	0.5
13.50 	13.50 	9.00 	0.866149967	0.153664825	0.536433762	1	0.5
13.50 	13.50 	10.50 	0.295686249	0.880833715	0.361968302	1	0.5
13.50 	13.50 	12.00 	0.895358171	0.562405697	0.097575334	1	0.5
13.50 	13.50 	13.50 	0.732414224	0.453549524	0.096796858	1	0.5
13.50 	13.50 	15.00 	0.951777945	0.906350803	0.951681475	1	0.5
13.50 	15.00 	0.00 	0.76141039	0.555259616	0.8353475	1	0.5
13.50 	15.00 	1.50 	0.895572183	0.524640211	0.195483687	1	0.5
13.50 	15.00 	3.00 	0.218785881	0.055615526	0.888387296	1	0.5
13.50 	15.00 	4.50 	0.839805257	0.974339121	0.573623285	1	0.5
13.50 	15.00 	6.00 	0.980498112	0.381521614	0.951567413	1	0.5
13.50 	15.00 	7.50 	0.275546667	0.741945701	0.975295706	1	0.5
13.50 	15.00 	9.00 	0.394080501	0.686421541	0.790894162	1	0.5
13.50 	15.00 	10.50 	0.301158669	0.092365972	0.654401653	1	0.5
13.50 	15.00 	12.00 	0.883741679	0.956443579	0.396128638	1	0.5
13.50 	15.00 	13.50 	0.461418916	0.838842764	0.058482768	1	0.5
13.50 	15.00 	15.00 	0.10113061	0.213783455	0.524866833	1	0.5
15.00 	0.00 	0.00 	0.779547511	0.758342762	0.995584346	1	0.5
15.00 	0.00 	1.50 	0.6505223	0.327739038	0.947408996	1	0.5
15.00 	0.00 	3.00 	0.826704646	0.67818802	0.741043362	1	0.5
15.00 	0.00 	4.50 	0.925374102	0.163563917	0.848701257	1	0.5
15.00 	0.00 	6.00 	0.860618924	0.103174866	0.692761513	1	0.5
15.00 	0.00 	7.50 	0.153817678	0.523273941	0.662274502	1	0.5
15.00 	0.00 	9.00 	0.804350129	0.847730203	0.705340855	1	0.5
15.00 	0.00 	10.50 	0.499207566	0.475307815	0.098768378	1	0.5
15.00 	0.00 	12.00 	0.625589629	0.475255858	0.993944733	1	0.5
15.00 	0.00 	13.50 	0.535790329	0.390681257	0.396769662	1	0.5
15.00 	0.00 	15.00 	0.306743597	0.632271848	0.023504562	1	0.5
15.00 	1.50 	0.00 	0.636450236	0.839048333	0.807761774	1	0.5
15.00 	1.50 	1.50 	0.220919992	0.905474201	0.080599562	1	0.5
15.00 	1.50 	3.00 	0.633819113	0.914191838	0.385428271	1	0.5
15.00 	1.50 	4.50 	0.491416248	0.30746504	0.002675008	1	0.5
15.00 	1.50 	6.00 	0.84642817	0.198363492	0.136096033	1	0.5
15.00 	1.50 	7.50 	0.46316252	0.838650262	0.169230603	1	0.5
15.00 	1.50 	9.00 	0.480656881	0.037843651	0.437737201	1	0.5
15.00 	1.50 	10.50 	0.4864545	0.895675201	0.021464452	1	0.5
15.00 	1.50 	12.00 	0.950839798	0.464985042	0.680725931	1	0.5
15.00 	1.50 	13.50 	0.579740283	0.224293057	0.616328169	1	0.5
15.00 	1.50 	15.00 	0.723086011	0.608666908	0.346964951	1	0.5
15.00 	3.00 	0.00 	0.209899767	0.02052014	0.573413264	1	0.5
15.00 	3.00 	1.50 	0.903688992	0.550255289	0.763637258	1	0.5
15.00 	3.00 	3.00 	0.493578604	0.428501946	0.184182622	1	0.5
15.00 	3.00 	4.50 	0.164164495	0.667225009	0.699720007	1	0.5
15.00 	3.00 	6.00 	0.915469592	0.494874121	0.508199335	1	0.5
15.00 	3.00 	7.50 	0.880482817	0.605839841	0.456865975	1	0.5
15.00 	3.00 	9.00 	0.883654547	0.145670642	0.059829161	1	0.5
15.00 	3.00 	10.50 	0.763299055	0.645868135	0.656937555	1	0.5
15.00 	3.00 	12.00 	0.176753253	0.910658244	0.586537655	1	0.5
15.00 	3.00 	13.50 	0.904502103	0.322543866	0.299567072	1	0.5
15.00 	3.00 	15.00 	0.090092868	0.683134622	0.140343718	1	0.5
15.00 	4.50 	0.00 	0.222945004	0.433228442	0.276816985	1	0.5
15.00 	4.50 	1.50 	0.15951036	0.108707339	0.574499063	1	0.5
15.00 	4.50 	3.00 	0.301634402	0.686640595	0.711226552	1	0.5
15.00 	4.50 	4.50 	0.952978442	0.427452243	0.327623422	1	0.5
15.00 	4.50 	6.00 	0.688784887	0.000921142	0.343632415	1	0.5
15.00 	4.50 	7.50 	0.077332146	0.056225981	0.573824614	1	0.5
15.00 	4.50 	9.00 	0.790462912	0.903756872	0.430497831	1	0.5
15.00 	4.50 	10.50 	0.089240082	0.184084341	0.528757347	1	0.5
15.00 	4.50 	12.00 	0.448246853	0.930322038	0.727180318	1	0.5
15.00 	4.50 	13.50 	0.125020877	0.968751107	0.112761747	1	0.5
15.00 	4.50 	15.00 	0.766286545	0.300442359	0.16921924	1	0.5
15.00 	6.00 	0.00 	0.533542072	0.632395684	0.50928741	1	0.5
15.00 	6.00 	1.50 	0.93126572	0.835777265	0.857831625	1	0.5
15.00 	6.00 	3.00 	0.60814391	0.06617458	0.378261274	1	0.5
15.00 	6.00 	4.50 	0.304805802	0.990728243	0.869991351	1	0.5
15.00 	6.00 	6.00 	0.501652851	0.518554025	0.435410378	1	0.5
15.00 	6.00 	7.50 	0.416033716	0.701878174	0.150995759	1	0.5
15.00 	6.00 	9.00 	0.307448389	0.299332837	0.47106337	1	0.5
15.00 	6.00 	10.50 	0.284370932	0.743794465	0.972657591	1	0.5
15.00 	6.00 	12.00 	0.156496003	0.743940885	0.723926275	1	0.5
15.00 	6.00 	13.50 	0.128329393	0.570426248	0.740444583	1	0.5
15.00 	6.00 	15.00 	0.506030278	0.739439455	0.500158266	1	0.5
15.00 	7.50 	0.00 	0.115029796	0.608304542	0.723989607	1	0.5
15.00 	7.50 	1.50 	0.027474413	0.40149211	0.40569292	1	0.5
15.00 	7.50 	3.00 	0.627181151	0.419430584	0.17685565	1	0.5
15.00 	7.50 	4.50 	0.179875387	0.20698961	0.355273974	1	0.5
15.00 	7.50 	6.00 	0.159305343	0.220954731	0.765236778	1	0.5
15.00 	7.50 	7.50 	0.096865871	0.708434354	0.089302778	1	0.5
15.00 	7.50 	9.00 	0.917779433	0.805298853	0.087721147	1	0.5
15.00 	7.50 	10.50 	0.675209389	0.590213313	0.343549828	1	0.5
15.00 	7.50 	12.00 	0.970974526	0.661555851	0.281775311	1	0.5
15.00 	7.50 	13.50 	0.376802256	0.570946616	0.282165376	1	0.5
15.00 	7.50 	15.00 	0.527592926	0.885512407	0.818706206	1	0.5
15.00 	9.00 	0.00 	0.841125631	0.258882896	0.648952531	1	0.5
15.00 	9.00 	1.50 	0.561990443	0.218654741	0.17578489	1	0.5
15.00 	9.00 	3.00 	0.476794481	0.099135874	0.047445742	1	0.5
15.00 	9.00 	4.50 	0.248526055	0.916662529	0.26115078	1	0.5
15.00 	9.00 	6.00 	0.473329973	0.577929245	0.888309281	1	0.5
15.00 	9.00 	7.50 	0.445455444	0.096011673	0.637946985	1	0.5
15.00 	9.00 	9.00 	0.452584253	0.607737671	0.001251906	1	0.5
15.00 	9.00 	10.50 	0.813087512	0.095440127	0.361156633	1	0.5
15.00 	9.00 	12.00 	0.071468807	0.927068823	0.761583696	1	0.5
15.00 	9.00 	13.50 	0.506404418	0.742831795	0.132324119	1	0.5
15.00 	9.00 	15.00 	0.9817247	0.50197546	0.787764199	1	0.5
15.00 	10.50 	0.00 	0.961693162	0.545575999	0.719826458	1	0.5
15.00 	10.50 	1.50 	0.475145897	0.994905003	0.425583346	1	0.5
15.00 	10.50 	3.00 	0.669083251	0.223786409	0.248432586	1	0.5
15.00 	10.50 	4.50 	0.85505686	0.091766598	0.836621174	1	0.5
15.00 	10.50 	6.00 	0.003762241	0.61994408	0.205171859	1	0.5
15.00 	10.50 	7.50 	0.00314516	0.699667708	0.145616777	1	0.5
15.00 	10.50 	9.00 	0.923617929	0.517892961	0.805748154	1	0.5
15.00 	10.50 	10.50 	0.427091631	0.599780767	0.72266715	1	0.5
15.00 	10.50 	12.00 	0.699809975	0.500727759	0.069509566	1	0.5
15.00 	10.50 	13.50 	0.717191468	0.80602977	0.957534489	1	0.5
15.00 	10.50 	15.00 	0.613831901	0.478171429	0.947719099	1	0.5
15.00 	12.00 	0.00 	0.834981256	0.229584472	0.499871057	1	0.5
15.00 	12.00 	1.50 	0.122333952	0.133355709	0.219063512	1	0.5
15.00 	12.00 	3.00 	0.660688624	0.033753808	0.16521559	1	0.5
15.00 	12.00 	4.50 	0.882336932	0.223670175	0.570712605	1	0.5
15.00 	12.00 	6.00 	0.190056272	0.161140097	0.706052439	1	0.5
15.00 	12.00 	7.50 	0.81402647	0.188549163	0.145432626	1	0.5
15.00 	12.00 	9.00 	0.294351557	0.30306403	0.610228374	1	0.5
15.00 	12.00 	10.50 	0.615702086	0.592134472	0.419077921	1	0.5
15.00 	12.00 	12.00 	0.013723528	0.742752205	0.543440169	1	0.5
15.00 	12.00 	13.50 	0.069372146	0.529772587	0.698496682	1	0.5
15.00 	12.00 	15.00 	0.636591127	0.042484784	0.118626459	1	0.5
15.00 	13.50 	0.00 	0.039131196	0.74047019	0.035681784	1	0.5
15.00 	13.50 	1.50 	0.951169643	0.716953496	0.091413701	1	0.5
15.00 	13.50 	3.00 	0.13280588	0.006119666	0.564852924	1	0.5
15.00 	13.50 	4.50 	0.565813807	0.78660367	0.314543144	1	0.5
15.00 	13.50 	6.00 	0.341286811	0.240639687	0.604835942	1	0.5
15.00 	13.50 	7.50 	0.577765508	0.497038662	0.088763066	1	0.5
15.00 	13.50 	9.00 	0.740808234	0.395852459	0.895336843	1	0.5
15.00 	13.50 	10.50 	0.354192934	0.086236719	0.961973128	1	0.5
15.00 	13.50 	12.00 	0.410041607	0.608045083	0.531114149	1	0.5
15.00 	13.50 	13.50 	0.693428446	0.638601884	0.765858651	1	0.5
15.00 	13.50 	15.00 	0.15946626	0.14669923	0.783471181	1	0.5
15.00 	15.00 	0.00 	0.406134634	0.043468377	0.323580411	1	0.5
15.00 	15.00 	1.50 	0.951071725	0.271638425	0.670650939	1	0.5
15.00 	15.00 	3.00 	0.822684231	0.390337334	0.730374054	1	0.5
15.00 	15.00 	4.50 	0.100146356	0.320201542	0.334524036	1	0.5
15.00 	15.00 	6.00 	0.510923729	0.069874771	0.309318367	1	0.5
15.00 	15.00 	7.50 	0.087292004	0.26175244	0.35904355	1	0.5
15.00 	15.00 	9.00 	0.02460756	0.521591899	0.635360432	1	0.5
15.00 	15.00 	10.50 	0.646585527	0.788419077	0.155955507	1	0.5
15.00 	15.00 	12.00 	0.11571318	0.939442276	0.624134847	1	0.5
15.00 	15.00 	13.50 	0.582088966	0.033404044	0.52081556	1	0.5
15.00 	15.00 	15.00 	0.628708849	0.285393859	0.611524179	1	0.5
